# Spherical Bessel functions via up and down recursion
0.10000000 4.13843222e-16 7.76550874e+22
0.20000000 0.00000000e+00 1.84324898e+16
0.30000000 3.45080051e-16 9.11803234e+11
0.40000000 2.07597557e-16 4.81966046e+10
0.50000000 5.36022919e-16 3.04860545e+08
0.60000000 3.47112275e-16 8.74415677e+06
0.70000000 5.96101651e-16 3.78866900e+05
0.80000000 4.19553317e-16 4.60524471e+04
0.90000000 6.48393972e-16 1.11042928e+03
1.00000000 7.26458313e-16 5.61212500e+02
1.10000000 2.81365159e-16 3.08940722e+01
1.20000000 1.18457130e-16 1.21740141e+01
1.30000000 2.13976899e-16 2.58626687e+00
1.40000000 6.15500719e-16 1.21251788e-01
1.50000000 0.00000000e+00 1.36164653e-01
1.60000000 4.37486813e-16 2.99284305e-02
1.70000000 3.60493407e-16 2.77975232e-03
1.80000000 4.10217033e-16 9.00620218e-05
1.90000000 0.00000000e+00 1.67719997e-03
2.00000000 3.87818502e-16 1.30371359e-03
2.10000000 0.00000000e+00 3.36157693e-05
2.20000000 6.09191882e-16 1.41555615e-05
2.30000000 1.97223717e-16 5.56495308e-05
2.40000000 1.30198461e-16 6.18063665e-06
2.50000000 6.99976758e-16 3.25261982e-06
2.60000000 1.19553111e-16 1.94902382e-06
2.70000000 1.65864369e-16 2.51984737e-06
2.80000000 1.28370667e-15 5.41889821e-08
2.90000000 9.98422281e-16 2.34145838e-07
3.00000000 1.44134772e-15 2.82303153e-07
3.10000000 3.68372869e-15 5.72166262e-08
3.20000000 2.20134668e-15 4.04135953e-08
3.30000000 7.72579925e-16 8.28262967e-09
3.40000000 7.27205921e-16 2.63529856e-08
3.50000000 4.42090145e-16 1.55163239e-08
3.60000000 5.08292832e-16 5.15019071e-10
3.70000000 0.00000000e+00 7.06347919e-10
3.80000000 6.11863314e-16 4.54554887e-10
3.90000000 1.60025683e-16 1.39371616e-09
4.00000000 7.58680413e-16 6.69409017e-10
4.10000000 4.02352591e-16 8.58338381e-10
4.20000000 3.22134574e-16 4.71078326e-10
4.30000000 2.59500728e-16 9.17663341e-11
4.40000000 2.10280166e-16 7.02796269e-11
4.50000000 1.71361001e-16 6.90619104e-12
4.60000000 1.40404836e-16 3.43159248e-11
4.70000000 6.93854889e-16 9.19380857e-12
4.80000000 1.91453238e-16 1.66091427e-11
4.90000000 4.77748552e-16 8.15867127e-12
5.00000000 2.66163617e-16 7.52604242e-12
5.10000000 3.35146980e-16 1.06967745e-12
5.20000000 3.76754159e-16 4.46642056e-12
5.30000000 1.59491839e-16 5.31331113e-12
5.40000000 2.71173116e-16 3.97539788e-12
5.50000000 2.31439394e-16 1.13625170e-12
5.60000000 1.98284265e-16 1.19228329e-12
5.70000000 0.00000000e+00 5.46996608e-13
5.80000000 5.88622389e-16 1.70008861e-12
5.90000000 2.54890558e-16 5.53749737e-13
6.00000000 4.43005877e-16 3.90952686e-13
6.10000000 5.79383070e-16 1.37120660e-14
6.20000000 2.53397761e-15 2.42079327e-13
6.30000000 1.15621752e-14 8.00458285e-14
6.40000000 5.21880663e-16 1.12987164e-13
6.50000000 8.06262503e-16 2.91406304e-14
6.60000000 8.15842409e-16 2.32515086e-14
6.70000000 0.00000000e+00 1.30394287e-14
6.80000000 1.61257700e-16 5.16024639e-15
6.90000000 1.43980455e-16 1.72776546e-15
7.00000000 3.86698010e-16 2.33307800e-14
7.10000000 6.94208199e-16 1.48097749e-14
7.20000000 2.08245073e-16 4.39397103e-14
7.30000000 3.75758073e-16 1.29636535e-14
7.40000000 5.09777274e-16 1.83519818e-14
7.50000000 1.54063013e-16 3.38938628e-15
7.60000000 9.80112279e-16 6.86078595e-15
7.70000000 3.82649864e-16 1.90049433e-14
7.80000000 0.00000000e+00 8.50183326e-15
7.90000000 4.26334683e-16 1.98245628e-14
8.00000000 7.82093391e-16 3.32389691e-15
8.10000000 1.79737980e-16 1.16829687e-14
8.20000000 1.65588971e-16 5.29884709e-15
8.30000000 1.07018564e-15 1.98748761e-15
8.40000000 0.00000000e+00 3.67782226e-15
8.50000000 1.04925142e-15 4.85278782e-15
8.60000000 2.43723593e-16 7.31170778e-16
8.70000000 1.13459793e-16 7.94218552e-16
8.80000000 1.05853224e-15 1.69365158e-15
8.90000000 1.97913676e-16 4.15618720e-15
9.00000000 7.41565839e-16 0.00000000e+00
9.10000000 0.00000000e+00 6.96031745e-16
9.20000000 1.30917482e-15 1.30917482e-15
9.30000000 6.16822218e-16 9.25233327e-16
9.40000000 1.45593256e-16 1.16474605e-15
9.50000000 6.19782989e-15 1.79048419e-15
9.60000000 2.87194911e-15 2.61086283e-15
9.70000000 3.71912115e-16 6.19853524e-16
9.80000000 8.25691698e-16 3.53867871e-16
9.90000000 1.34938571e-15 1.46183452e-15
10.00000000 2.14809297e-16 0.00000000e+00
10.10000000 6.16702276e-16 4.11134850e-16
10.20000000 1.97101087e-16 1.97101087e-16
10.30000000 5.68041076e-16 5.68041076e-16
10.40000000 1.82248823e-16 7.28995293e-16
10.50000000 1.75756180e-16 0.00000000e+00
10.60000000 3.39648583e-16 0.00000000e+00
10.70000000 6.57653225e-16 4.93239919e-16
10.80000000 4.78463580e-16 4.78463580e-16
10.90000000 0.00000000e+00 1.55016669e-16
11.00000000 3.01944375e-16 3.01944375e-16
11.10000000 1.47330312e-16 1.47330312e-16
11.20000000 1.44070138e-16 2.88140277e-16
11.30000000 1.41173762e-16 1.41173762e-16
11.40000000 6.93130607e-16 9.70382850e-16
11.50000000 4.09244644e-16 1.36414881e-16
11.60000000 2.69060720e-16 6.72651799e-16
11.70000000 6.64827475e-16 3.98896485e-16
11.80000000 0.00000000e+00 1.31715857e-16
11.90000000 2.61559417e-16 0.00000000e+00
12.00000000 1.30158117e-16 0.00000000e+00
12.10000000 1.29855128e-16 1.29855128e-16
12.20000000 9.09146096e-16 1.29878014e-16
12.30000000 1.30237599e-16 1.30237599e-16
12.40000000 2.35707664e-15 1.30948702e-16
12.50000000 1.28069777e-14 5.28122793e-16
12.60000000 1.20157425e-15 2.67016500e-16
12.70000000 1.35412251e-16 1.35412251e-16
12.80000000 2.75562083e-16 2.75562083e-16
12.90000000 0.00000000e+00 2.81323973e-16
13.00000000 7.20567710e-16 2.88227084e-16
13.10000000 2.96415956e-16 1.48207978e-16
13.20000000 9.18210065e-16 4.59105033e-16
13.30000000 0.00000000e+00 1.58706709e-16
13.40000000 2.31509906e-15 2.14973484e-15
13.50000000 1.73187135e-16 3.46374270e-16
13.60000000 1.82406815e-16 5.47220444e-16
13.70000000 1.93325692e-16 1.93325692e-16
13.80000000 6.19038022e-16 6.19038022e-16
13.90000000 1.33208258e-15 6.66041291e-16
14.00000000 0.00000000e+00 0.00000000e+00
14.10000000 2.64656049e-16 2.64656049e-16
14.20000000 0.00000000e+00 4.41491663e-16
14.30000000 0.00000000e+00 4.98892213e-16
14.40000000 7.67049574e-16 5.75287180e-16
14.50000000 3.40679225e-16 2.27119483e-16
14.60000000 4.18825985e-16 1.11686929e-15
14.70000000 1.99717500e-15 1.27092954e-15
14.80000000 1.68909321e-15 3.37818641e-15
14.90000000 3.53569355e-15 1.14054631e-16
15.00000000 2.06898013e-14 1.12022129e-14
15.10000000 4.40073538e-15 7.41176485e-15
15.20000000 5.41340430e-15 5.04006607e-15
15.30000000 4.71381019e-16 1.29629780e-15
15.40000000 2.25518199e-15 1.21432876e-15
15.50000000 2.76403170e-16 6.91007925e-16
15.60000000 6.35891347e-15 3.46849826e-16
15.70000000 3.92092042e-14 8.00187840e-16
15.80000000 3.01579819e-15 3.54799787e-16
15.90000000 1.44328224e-15 8.01823465e-16
16.00000000 1.61952563e-15 1.47229603e-16
16.10000000 1.23236262e-15 0.00000000e+00
16.20000000 2.57535917e-16 1.28767958e-15
16.30000000 4.89100654e-16 1.22275163e-16
16.40000000 5.85616929e-16 1.17123386e-16
16.50000000 2.26161454e-16 2.26161454e-16
16.60000000 0.00000000e+00 2.19963028e-16
16.70000000 2.15415706e-16 0.00000000e+00
16.80000000 4.24711242e-16 4.24711242e-16
16.90000000 2.10675714e-16 2.10675714e-16
17.00000000 0.00000000e+00 2.10316401e-16
17.10000000 4.22520946e-16 2.11260473e-16
17.20000000 0.00000000e+00 0.00000000e+00
17.30000000 2.17194927e-16 0.00000000e+00
17.40000000 2.22363621e-16 2.22363621e-16
17.50000000 2.29205955e-16 1.14602977e-16
17.60000000 0.00000000e+00 2.37960362e-16
17.70000000 0.00000000e+00 0.00000000e+00
17.80000000 0.00000000e+00 2.62652499e-16
17.90000000 1.39840259e-16 1.39840259e-16
18.00000000 3.00937873e-16 1.50468937e-16
18.10000000 4.91584145e-16 4.91584145e-16
18.20000000 7.23951825e-16 5.42963869e-16
18.30000000 1.42352426e-15 1.42352426e-15
18.40000000 2.33464649e-15 2.33464649e-15
18.50000000 2.06762566e-15 2.06762566e-15
18.60000000 8.46315061e-16 1.01557807e-15
18.70000000 4.40957243e-16 8.81914486e-16
18.80000000 2.38328951e-15 1.27108774e-15
18.90000000 5.13877681e-15 1.85566940e-15
19.00000000 5.54369407e-14 1.32490802e-14
19.10000000 4.52435826e-15 2.93471887e-15
19.20000000 2.09950349e-16 1.88955315e-15
19.30000000 9.43375555e-16 1.88675111e-15
19.40000000 1.80037827e-15 1.80037827e-15
19.50000000 9.61628538e-16 1.12189996e-15
19.60000000 3.36785355e-15 2.82899698e-15
19.70000000 2.34133443e-16 2.34133443e-16
19.80000000 2.08572834e-16 4.17145668e-16
19.90000000 3.78906528e-16 1.89453264e-16
20.00000000 0.00000000e+00 1.74841802e-16
20.10000000 0.00000000e+00 0.00000000e+00
20.20000000 4.64234390e-16 1.54744797e-16
20.30000000 2.95892896e-16 2.95892896e-16
20.40000000 1.42776307e-16 2.85552613e-16
20.50000000 1.38983643e-16 1.38983643e-16
20.60000000 1.36397072e-16 4.09191216e-16
20.70000000 5.39618369e-16 4.04713777e-16
20.80000000 6.72207606e-16 0.00000000e+00
20.90000000 0.00000000e+00 0.00000000e+00
21.00000000 2.73090865e-16 2.73090865e-16
21.10000000 4.17538064e-16 4.17538064e-16
21.20000000 7.14911032e-16 2.85964413e-16
21.30000000 5.92413921e-16 8.88620882e-16
21.40000000 6.19043915e-16 4.64282936e-16
21.50000000 1.30612553e-15 1.14285984e-15
21.60000000 5.22185658e-16 1.74061886e-16
21.70000000 1.69013833e-15 1.31455203e-15
21.80000000 1.23249078e-15 2.05415130e-16
21.90000000 1.02778970e-15 1.25618742e-15
22.00000000 2.12470839e-14 3.88666170e-16
22.10000000 3.01621917e-16 6.03243835e-16
22.20000000 1.63588052e-15 1.09058701e-15
22.30000000 4.49304179e-15 6.91237198e-16
22.40000000 1.10927581e-15 2.21855161e-15
22.50000000 8.94497648e-15 2.30013681e-15
22.60000000 9.96047143e-16 6.64031429e-16
22.70000000 3.85608505e-14 3.30922208e-14
22.80000000 1.68668416e-15 2.60669371e-15
22.90000000 6.08888680e-15 2.68627359e-15
23.00000000 2.55006491e-16 0.00000000e+00
23.10000000 1.99589730e-16 7.98358921e-16
23.20000000 1.15700172e-15 8.26429803e-16
23.30000000 9.95288502e-16 8.53104431e-16
23.40000000 1.13179873e-15 1.00604331e-15
23.50000000 1.59096388e-15 1.13640277e-15
23.60000000 0.00000000e+00 8.35933472e-16
23.70000000 5.84929099e-16 5.84929099e-16
23.80000000 1.10524699e-15 7.36831328e-16
23.90000000 5.27942857e-16 0.00000000e+00
24.00000000 6.79297004e-16 5.09472753e-16
24.10000000 1.65416987e-16 0.00000000e+00
24.20000000 1.13781348e-15 1.13781348e-15
24.30000000 8.05364759e-16 6.44291807e-16
24.40000000 4.82792840e-16 6.43723787e-16
24.50000000 4.86313337e-16 3.24208891e-16
24.60000000 6.58533728e-16 9.87800591e-16
24.70000000 2.19200587e-15 3.37231672e-16
24.80000000 1.39373921e-15 6.96869606e-16
24.90000000 5.45069195e-16 7.26758926e-16
25.00000000 7.65601659e-16 5.74201245e-16
25.10000000 2.32426073e-14 6.11647560e-16
25.20000000 2.00124677e-14 4.39834455e-16
25.30000000 5.65590101e-15 1.08304487e-15
25.40000000 6.69957719e-16 1.07193235e-15
25.50000000 1.67646338e-15 1.67646338e-15
25.60000000 3.91982975e-15 1.78174080e-15
25.70000000 3.45987694e-15 1.51369616e-15
25.80000000 1.38669714e-15 0.00000000e+00
25.90000000 5.84830481e-16 0.00000000e+00
26.00000000 1.25772420e-14 8.77097143e-15
26.10000000 3.12518457e-14 1.00946227e-14
26.20000000 2.61450951e-14 2.01275732e-14
26.30000000 1.26237124e-14 6.69208852e-15
26.40000000 3.19140423e-15 3.75459321e-15
26.50000000 2.73743931e-15 2.46369538e-15
26.60000000 1.08587540e-15 1.08587540e-15
26.70000000 3.26662944e-15 2.17775296e-15
26.80000000 0.00000000e+00 6.28654079e-16
26.90000000 8.38533704e-16 2.79511235e-16
27.00000000 8.88142933e-16 3.80632686e-16
27.10000000 2.34304784e-16 2.34304784e-16
27.20000000 8.77857236e-16 8.77857236e-16
27.30000000 2.08141766e-16 2.08141766e-16
27.40000000 3.99225375e-16 7.98450751e-16
27.50000000 5.80167438e-16 1.93389146e-16
27.60000000 1.13486434e-15 3.78288113e-16
27.70000000 2.23999611e-15 7.46665368e-16
27.80000000 1.85834568e-16 3.71669136e-16
27.90000000 0.00000000e+00 0.00000000e+00
28.00000000 5.66982016e-16 0.00000000e+00
28.10000000 5.40691566e-15 1.93104131e-16
28.20000000 6.37151846e-15 1.99109952e-16
28.30000000 1.28519787e-14 4.14579959e-16
28.40000000 4.57922812e-15 2.18058482e-16
28.50000000 3.48033795e-15 1.16011265e-16
28.60000000 6.25195072e-16 5.00156058e-16
28.70000000 1.09430680e-15 4.10365049e-16
28.80000000 1.82778636e-15 1.52315530e-16
28.90000000 5.20063742e-16 1.73354581e-16
29.00000000 0.00000000e+00 1.42064310e-15
29.10000000 1.97564999e-15 6.17390623e-16
29.20000000 3.02337577e-15 3.34162585e-15
29.30000000 9.82382959e-15 1.01625823e-15
29.40000000 2.18003160e-14 7.85596974e-15
29.50000000 7.37432616e-14 1.89134272e-14
29.60000000 1.34130023e-14 2.43872769e-15
29.70000000 2.26449949e-14 1.61749964e-16
29.80000000 1.11952620e-14 4.07100436e-16
29.90000000 8.98292348e-15 1.49715391e-15
30.00000000 1.18198075e-14 1.91027193e-15
30.10000000 1.42174807e-14 2.20270827e-15
30.20000000 1.72150481e-14 1.04333625e-15
30.30000000 2.03026877e-14 4.64947047e-16
30.40000000 2.65060067e-14 0.00000000e+00
30.50000000 3.52173222e-14 1.30434527e-16
30.60000000 4.61469796e-14 1.22405781e-15
30.70000000 6.49038811e-14 2.32630398e-16
30.80000000 9.35541160e-14 1.11773137e-16
30.90000000 1.37167395e-13 2.17037017e-16
31.00000000 2.13395176e-13 0.00000000e+00
31.10000000 3.54674322e-13 0.00000000e+00
31.20000000 6.61454224e-13 0.00000000e+00
31.30000000 1.59962505e-12 2.11618607e-16
31.40000000 1.52699318e-11 2.15045231e-16
31.50000000 3.81543641e-12 0.00000000e+00
31.60000000 2.33133756e-12 0.00000000e+00
31.70000000 2.04451527e-12 1.19457509e-16
31.80000000 2.07471512e-12 1.26376020e-16
31.90000000 2.29314475e-12 4.06105918e-16
32.00000000 2.69001015e-12 0.00000000e+00
32.10000000 3.31695697e-12 1.62484421e-16
32.20000000 4.27211826e-12 2.01506371e-15
32.30000000 5.74885066e-12 1.27144767e-15
32.40000000 8.14143025e-12 2.02958593e-15
32.50000000 1.22591567e-11 2.23357878e-15
32.60000000 2.02199988e-11 6.94666280e-15
32.70000000 3.91287256e-11 1.02947303e-15
32.80000000 1.16899763e-10 7.46285139e-15
32.90000000 3.49994068e-10 4.22830322e-15
33.00000000 1.00811484e-10 6.37450117e-15
33.10000000 7.28423136e-11 4.27457842e-15
33.20000000 6.57516824e-11 5.47526126e-16
33.30000000 6.61830964e-11 5.68223281e-16
33.40000000 7.13502102e-11 2.46268941e-15
33.50000000 8.08777531e-11 2.41702102e-15
33.60000000 9.55045212e-11 2.84841544e-15
33.70000000 1.16912160e-10 2.09166487e-15
33.80000000 1.48140514e-10 1.48067665e-16
33.90000000 1.94455123e-10 0.00000000e+00
34.00000000 2.65406482e-10 0.00000000e+00
34.10000000 3.79604108e-10 0.00000000e+00
34.20000000 5.77620830e-10 2.42960388e-16
34.30000000 9.65260654e-10 1.18799864e-16
34.40000000 1.92179177e-09 2.34572847e-16
34.50000000 6.48266527e-09 1.16862419e-16
34.60000000 1.09341101e-08 1.17502635e-16
34.70000000 4.10713033e-09 1.19230879e-16
34.80000000 3.07573631e-09 3.66367129e-16
34.90000000 2.80884251e-09 2.52624568e-16
35.00000000 2.83990456e-09 1.32012177e-16
35.10000000 3.06737284e-09 0.00000000e+00
35.20000000 3.48132613e-09 0.00000000e+00
35.30000000 4.11797762e-09 1.62185405e-16
35.40000000 5.05847254e-09 0.00000000e+00
35.50000000 6.45054661e-09 0.00000000e+00
35.60000000 8.56279455e-09 8.17366148e-16
35.70000000 1.19138328e-08 3.07654840e-15
35.80000000 1.76163129e-08 3.34481151e-15
35.90000000 2.84962102e-08 3.48017540e-15
36.00000000 5.42159722e-08 1.04845293e-14
36.10000000 1.61534009e-07 4.93419976e-15
36.20000000 4.22561485e-07 3.65422501e-14
36.30000000 1.26237056e-07 5.01742446e-15
36.40000000 8.98920234e-08 1.40346854e-16
36.50000000 7.96532003e-08 3.76876360e-15
36.60000000 7.86904746e-08 1.23722032e-15
36.70000000 8.33612375e-08 3.83442186e-16
36.80000000 9.30523423e-08 8.78865550e-16
36.90000000 1.08539890e-07 1.94341777e-16
37.00000000 1.31869935e-07 1.75763025e-16
37.10000000 1.66975438e-07 1.61856591e-16
37.20000000 2.21373473e-07 1.51334899e-16
37.30000000 3.10589322e-07 2.86759176e-16
37.40000000 4.71580678e-07 1.37454112e-16
37.50000000 8.16754152e-07 1.33201677e-16
37.60000000 1.91527081e-06 2.60774192e-16
37.70000000 2.52393714e-04 2.57725885e-16
37.80000000 2.65580761e-06 1.28550177e-16
37.90000000 1.61229622e-06 1.29428270e-16
38.00000000 1.31644718e-06 0.00000000e+00
38.10000000 1.22284370e-06 6.74787958e-16
38.20000000 1.22641406e-06 1.39869046e-16
38.30000000 1.29806748e-06 0.00000000e+00
38.40000000 1.43335236e-06 3.10612520e-16
38.50000000 1.64130039e-06 8.33949000e-16
38.60000000 1.94355492e-06 2.36396819e-15
38.70000000 2.37909268e-06 1.00914501e-15
38.80000000 3.01613787e-06 5.72448670e-16
38.90000000 3.97887661e-06 2.27127380e-15
39.00000000 5.51187355e-06 2.43017323e-15
39.10000000 8.15996882e-06 2.49498063e-15
39.20000000 1.34031614e-05 5.13289863e-15
39.30000000 2.70518027e-05 1.25964803e-15
39.40000000 1.15971286e-04 1.21847078e-14
39.50000000 8.60682186e-05 1.39861205e-14
39.60000000 3.99420844e-05 8.03294260e-15
39.70000000 3.03973846e-05 3.65582421e-15
39.80000000 2.74746761e-05 4.36400801e-15
39.90000000 2.73109445e-05 2.68298808e-15
40.00000000 2.89895678e-05 1.58605668e-15
40.10000000 3.24330219e-05 0.00000000e+00
40.20000000 3.80541197e-05 8.17499481e-16
40.30000000 4.68512290e-05 3.71871806e-16
40.40000000 6.09118894e-05 6.88344147e-16
40.50000000 8.49283426e-05 4.84829682e-16
40.60000000 1.31565528e-04 1.53727037e-16
40.70000000 2.49791479e-04 0.00000000e+00
40.80000000 9.71386125e-04 1.43857487e-16
40.90000000 7.57615445e-04 2.82615921e-16
41.00000000 3.24954597e-04 0.00000000e+00
41.10000000 2.32669273e-04 2.80591787e-16
41.20000000 1.98001612e-04 2.83545046e-16
41.30000000 1.84840124e-04 2.89271519e-16
41.40000000 1.83390545e-04 2.98040969e-16
41.50000000 1.90418520e-04 1.55148526e-16
41.60000000 2.05207145e-04 6.53432984e-16
41.70000000 2.28495501e-04 1.56739659e-15
41.80000000 2.62338419e-04 3.76598558e-16
41.90000000 3.10490874e-04 2.06960625e-15
42.00000000 3.79421893e-04 1.39207524e-15
42.10000000 4.80528370e-04 1.73306546e-15
42.20000000 6.35188530e-04 2.37444553e-15
42.30000000 8.87747264e-04 1.18112948e-15
42.40000000 1.34573525e-03 1.44705865e-15
42.50000000 2.34896631e-03 1.80563890e-15
42.60000000 5.79700273e-03 4.92976065e-15
42.70000000 4.80313949e-02 6.49239538e-14
42.80000000 6.24372309e-03 1.29464126e-14
42.90000000 3.96152163e-03 3.22631241e-15
43.00000000 3.27887584e-03 2.58619402e-15
43.10000000 3.07498556e-03 1.70244461e-15
43.20000000 3.12337785e-03 6.19410635e-16
43.30000000 3.37392549e-03 1.32222771e-16
43.40000000 3.85064249e-03 6.98310258e-16
43.50000000 4.64880903e-03 1.04866233e-15
43.60000000 5.99444341e-03 1.92569194e-16
43.70000000 8.45960872e-03 1.79624190e-16
43.80000000 1.39141351e-02 3.39708182e-16
43.90000000 3.36823441e-02 6.50317074e-16
44.00000000 1.41322554e-01 1.57349791e-16
44.10000000 2.65172132e-02 7.69348757e-16
44.20000000 1.61416902e-02 3.03906978e-16
44.30000000 1.25172358e-02 0.00000000e+00
44.40000000 1.08819980e-02 9.14899079e-16
44.50000000 1.01490156e-02 1.54942087e-16
44.60000000 9.95081946e-03 1.58991500e-16
44.70000000 1.01475033e-02 4.94497775e-16
44.80000000 1.06981967e-02 2.24613541e-15
44.90000000 1.16219385e-02 2.38296922e-15
45.00000000 1.29905939e-02 3.94236713e-16
45.10000000 1.49409732e-02 1.50710256e-15
45.20000000 1.77091112e-02 1.19779232e-15
45.30000000 2.17046293e-02 5.45446944e-16
45.40000000 2.76755515e-02 3.51805500e-15
45.50000000 3.71122695e-02 2.14877227e-15
45.60000000 5.34115274e-02 6.85001543e-15
45.70000000 8.62070858e-02 2.19625281e-15
45.80000000 1.77163102e-01 1.66474189e-15
45.90000000 1.15592029e+00 3.85397399e-14
46.00000000 3.60115656e-01 2.49127350e-14
46.10000000 1.86657957e-01 2.50575476e-15
46.20000000 1.43270561e-01 1.12079297e-14
46.30000000 1.28767007e-01 1.53888809e-15
46.40000000 1.27418303e-01 7.06838448e-16
46.50000000 1.35829471e-01 7.45051215e-16
46.60000000 1.55244990e-01 1.81939379e-15
46.70000000 1.91849804e-01 5.81277575e-16
46.80000000 2.63780227e-01 4.24479815e-16
46.90000000 4.38567664e-01 9.85016715e-16
47.00000000 1.30222083e+00 9.27500865e-16
47.10000000 1.48595931e+00 0.00000000e+00
47.20000000 5.03684620e-01 5.11869171e-16
47.30000000 3.19772758e-01 8.31653366e-16
47.40000000 2.45666263e-01 6.55122307e-16
47.50000000 2.08322264e-01 1.13987095e-15
47.60000000 1.88237645e-01 8.17265080e-16
47.70000000 1.78163295e-01 8.28233977e-16
47.80000000 1.74977747e-01 1.01712660e-15
47.90000000 1.77347106e-01 8.76333870e-16
48.00000000 1.84915804e-01 0.00000000e+00
48.10000000 1.98036177e-01 1.16249812e-15
48.20000000 2.17761181e-01 2.07642614e-15
48.30000000 2.46048856e-01 2.14625361e-15
48.40000000 2.86255720e-01 1.25118153e-15
48.50000000 3.44174282e-01 3.25786001e-15
48.60000000 4.30289778e-01 3.29816080e-16
48.70000000 5.65183035e-01 3.39012710e-15
48.80000000 7.94544958e-01 1.40243367e-15
48.90000000 1.24168893e+00 6.61631832e-15
49.00000000 2.38251952e+00 6.82448794e-15
49.10000000 9.23399450e+00 5.32079145e-14
49.20000000 7.96155412e+00 1.60740683e-14
49.30000000 3.55032791e+00 2.20226069e-15
49.40000000 2.76038711e+00 1.27468068e-14
49.50000000 2.68731218e+00 3.09793265e-15
49.60000000 3.14618475e+00 2.35981375e-15
49.70000000 4.81718655e+00 3.28802579e-16
49.80000000 1.97614589e+01 1.42485742e-16
49.90000000 6.98557221e+00 8.87966210e-16
50.00000000 2.75196952e+00 3.46039882e-16
50.10000000 1.66730414e+00 2.13445569e-16
50.20000000 1.18715791e+00 0.00000000e+00
50.30000000 9.24473670e-01 0.00000000e+00
50.40000000 7.63822411e-01 7.34075316e-16
50.50000000 6.59091193e-01 1.07131158e-15
50.60000000 5.88481652e-01 1.05297335e-15
50.70000000 5.40528240e-01 3.48376157e-16
50.80000000 5.08786421e-01 1.04735380e-15
50.90000000 4.89527242e-01 1.05971881e-15
51.00000000 4.80647248e-01 3.60930552e-16
51.10000000 4.81136454e-01 3.91197346e-15
51.20000000 4.90840520e-01 9.71924105e-16
51.30000000 5.10413222e-01 1.02617643e-15
51.40000000 5.41437768e-01 2.19540086e-16
51.50000000 5.86762705e-01 2.62204647e-15
51.60000000 6.51195405e-01 1.58031618e-15
51.70000000 7.42900808e-01 1.18925038e-15
51.80000000 8.76375698e-01 1.89672937e-15
51.90000000 1.07942097e+00 5.18661893e-15
52.00000000 1.41203829e+00 3.68576725e-15
52.10000000 2.03025160e+00 3.09735510e-15
52.20000000 3.50028786e+00 5.69565343e-15
52.30000000 1.06602552e+01 9.70239327e-15
52.40000000 1.29922785e+01 2.70925497e-14
52.50000000 4.53411932e+00 3.14391254e-16
52.60000000 3.02249530e+00 5.65698976e-16
52.70000000 2.48956376e+00 1.90042937e-15
52.80000000 2.34465817e+00 2.13858860e-15
52.90000000 2.51171640e+00 3.38076057e-15
53.00000000 3.24528283e+00 1.69056921e-15
53.10000000 6.85456153e+00 8.18817478e-16
53.20000000 9.70220022e+00 8.66842906e-16
53.30000000 2.17431246e+00 1.71571528e-15
53.40000000 1.04371585e+00 2.14504344e-16
53.50000000 6.04269669e-01 4.07607718e-16
53.60000000 3.76277558e-01 5.87834423e-16
53.70000000 2.38430271e-01 3.80909262e-16
53.80000000 1.46094348e-01 7.48111729e-16
53.90000000 7.90804441e-02 1.29837870e-15
54.00000000 2.69021516e-02 9.28680324e-16
54.10000000 1.65107244e-02 1.87793979e-16
54.20000000 5.50445100e-02 1.53401011e-15
54.30000000 9.14765880e-02 5.93409130e-16
54.40000000 1.28067941e-01 4.12539193e-16
54.50000000 1.66955286e-01 0.00000000e+00
54.60000000 2.10488732e-01 4.65309302e-16
54.70000000 2.61625944e-01 1.64078912e-15
54.80000000 3.24524374e-01 6.96772606e-16
54.90000000 4.05597892e-01 2.35751206e-15
55.00000000 5.15658935e-01 1.82111175e-15
55.10000000 6.74838764e-01 8.75263971e-16
55.20000000 9.25770431e-01 1.38567241e-16
55.30000000 1.37765694e+00 7.64686413e-16
55.40000000 2.41994705e+00 1.12430950e-14
55.50000000 7.23069629e+00 1.76156124e-14
55.60000000 9.81900742e+00 5.23969508e-15
55.70000000 3.23139580e+00 1.15390055e-14
55.80000000 2.05572356e+00 5.04963266e-15
55.90000000 1.57613234e+00 1.44919654e-16
56.00000000 1.32434507e+00 2.16486468e-15
56.10000000 1.17664883e+00 1.32556577e-15
56.20000000 1.08651293e+00 1.96102263e-15
56.30000000 1.03282357e+00 1.45014532e-16
56.40000000 1.00494257e+00 1.05217237e-15
56.50000000 9.97299828e-01 1.21432116e-15
56.60000000 1.00714432e+00 4.55308633e-16
56.70000000 1.03354414e+00 2.16242247e-16
56.80000000 1.07696683e+00 6.23584236e-16
56.90000000 1.13918904e+00 8.08024140e-16
57.00000000 1.22345677e+00 1.38844591e-15
57.10000000 1.33491468e+00 3.93393782e-16
57.20000000 1.48141616e+00 1.96959973e-16
57.30000000 1.67496852e+00 1.99144990e-16
57.40000000 1.93434992e+00 1.01676738e-15
57.50000000 2.29006973e+00 6.29383000e-16
57.60000000 2.79442761e+00 2.18810638e-15
57.70000000 3.54385675e+00 6.92783524e-16
57.80000000 4.73509355e+00 4.93874053e-16
57.90000000 6.83375880e+00 6.70101149e-16
58.00000000 1.12433784e+01 2.07281397e-15
58.10000000 2.48564744e+01 2.67383489e-15
58.20000000 7.71712310e+02 5.81549782e-16
58.30000000 3.71856266e+01 4.19933713e-15
58.40000000 2.29979943e+01 4.44343483e-16
58.50000000 2.09461490e+01 6.77431793e-15
58.60000000 2.56077670e+01 3.89760122e-15
58.70000000 5.91900893e+01 3.86988204e-14
58.80000000 5.22271654e+01 2.43846347e-14
58.90000000 1.44059836e+01 2.78911175e-15
59.00000000 7.45216858e+00 5.45730636e-15
59.10000000 4.67932064e+00 2.27005295e-15
59.20000000 3.24471096e+00 0.00000000e+00
59.30000000 2.39289769e+00 0.00000000e+00
59.40000000 1.84108813e+00 8.58276744e-16
59.50000000 1.46111385e+00 7.62377531e-16
59.60000000 1.18718409e+00 1.38400907e-15
59.70000000 9.82400715e-01 1.27872908e-15
59.80000000 8.24637972e-01 7.19635643e-16
59.90000000 6.99906071e-01 4.55970245e-16
60.00000000 5.98962549e-01 6.57809862e-16
60.10000000 5.15463790e-01 6.39625809e-16
60.20000000 4.44899652e-01 1.04731704e-15
60.30000000 3.83948879e-01 6.23505040e-16
60.40000000 3.30070347e-01 1.04117956e-15
60.50000000 2.81229928e-01 2.10679197e-16
60.60000000 2.35705002e-01 2.15279762e-15
60.70000000 1.91929813e-01 3.33402321e-16
60.80000000 1.48354255e-01 9.28083032e-16
60.90000000 1.03289682e-01 1.59323256e-15
61.00000000 5.47073005e-02 1.31205468e-15
61.10000000 6.82163739e-05 2.28188933e-15
61.20000000 6.48822363e-02 1.57829737e-15
61.30000000 1.45738060e-01 8.92696780e-16
61.40000000 2.52857627e-01 2.90804771e-15
61.50000000 4.05521796e-01 3.01251570e-15
61.60000000 6.45387756e-01 3.04814128e-15
61.70000000 1.08282096e+00 0.00000000e+00
61.80000000 2.13910743e+00 8.20736116e-15
61.90000000 8.25665785e+00 1.42003758e-14
62.00000000 6.70932416e+00 1.99412502e-14
62.10000000 2.75423591e+00 7.06387350e-15
62.20000000 1.87337558e+00 4.46972834e-15
62.30000000 1.49295808e+00 3.10407152e-15
62.40000000 1.28672645e+00 2.09360081e-15
62.50000000 1.16241973e+00 2.05915316e-16
62.60000000 1.08402981e+00 0.00000000e+00
62.70000000 1.03474267e+00 7.94514561e-16
62.80000000 1.00580188e+00 1.15607481e-15
62.90000000 9.92358548e-01 8.02387628e-16
63.00000000 9.91689766e-01 2.51221453e-16
63.10000000 1.00235944e+00 1.55395088e-15
63.20000000 1.02380439e+00 2.30202329e-16
63.30000000 1.05613652e+00 1.45659207e-15
63.40000000 1.10007111e+00 2.20396958e-16
63.50000000 1.15694476e+00 1.53246542e-15
63.60000000 1.22881459e+00 6.58773684e-16
63.70000000 1.31865136e+00 1.55698200e-15
63.80000000 1.43066174e+00 2.04806839e-15
63.90000000 1.57080809e+00 1.17631708e-15
64.00000000 1.74765185e+00 1.22973644e-16
64.10000000 1.97375647e+00 9.10895708e-16
64.20000000 2.26810740e+00 2.09367279e-15
64.30000000 2.66048658e+00 1.67270006e-15
64.40000000 3.19985065e+00 1.35000353e-15
64.50000000 3.97157532e+00 2.10724248e-15
64.60000000 5.13634591e+00 1.11963067e-15
64.70000000 7.02907253e+00 2.04338606e-15
64.80000000 1.04561443e+01 5.27834811e-15
64.90000000 1.78449877e+01 9.17932775e-15
65.00000000 4.02181327e+01 1.55434024e-14
65.10000000 2.66481830e+02 9.23171803e-14
65.20000000 1.88544311e+02 5.87020161e-15
65.30000000 4.35192044e+03 3.97860675e-15
65.40000000 4.21452303e+01 4.44916014e-15
65.50000000 1.43044201e+01 1.56917604e-15
65.60000000 6.86164216e+00 5.02603319e-15
65.70000000 3.81481317e+00 2.74778812e-15
65.80000000 2.28573428e+00 1.84006459e-15
65.90000000 1.41702349e+00 2.63022551e-15
66.00000000 8.79326068e-01 2.24869100e-15
66.10000000 5.24267489e-01 2.08584825e-15
66.20000000 2.77140356e-01 2.09408266e-15
66.30000000 9.70610178e-02 2.12124413e-15
66.40000000 3.98732506e-02 2.16641118e-15
66.50000000 1.48438088e-01 1.76026024e-15
66.60000000 2.38241624e-01 2.42754343e-15
66.70000000 3.15856373e-01 3.45009234e-16
66.80000000 3.86038693e-01 1.61749184e-15
66.90000000 4.52472839e-01 1.75824655e-15
67.00000000 5.18264457e-01 1.56166953e-15
67.10000000 5.86310765e-01 2.86168564e-15
67.20000000 6.59632263e-01 3.25832913e-15
67.30000000 7.41740885e-01 1.10581774e-15
67.40000000 8.37138922e-01 1.48651117e-16
67.50000000 9.52106856e-01 2.59914613e-15
67.60000000 1.09609742e+00 1.99047106e-15
67.70000000 1.28445680e+00 1.85764552e-15
67.80000000 1.54431869e+00 8.49888374e-16
67.90000000 1.92912462e+00 6.56017495e-15
68.00000000 2.56136625e+00 7.03526655e-15
68.10000000 3.79837520e+00 7.75450716e-15
68.20000000 7.31604371e+00 1.60935740e-14
68.30000000 9.49512503e+01 7.30503018e-14
68.40000000 8.67738883e+00 4.89131574e-16
68.50000000 4.15577473e+00 3.13760111e-15
68.60000000 2.73533381e+00 2.28923849e-15
68.70000000 2.04061025e+00 4.23761885e-15
68.80000000 1.62880053e+00 8.89309957e-16
68.90000000 1.35644819e+00 1.93757209e-15
69.00000000 1.16303939e+00 3.76859746e-16
69.10000000 1.01861514e+00 2.02860442e-15
69.20000000 9.06635130e-01 6.18777393e-16
69.30000000 8.17208878e-01 8.63467980e-16
69.40000000 7.44045985e-01 1.35796729e-16
69.50000000 6.82940487e-01 6.48829774e-16
69.60000000 6.30957455e-01 1.63064725e-15
69.70000000 5.85967981e-01 1.22550427e-15
69.80000000 5.46368184e-01 1.08861203e-15
69.90000000 5.10900081e-01 3.25537461e-15
70.00000000 4.78530354e-01 7.28192652e-16
70.10000000 4.48361717e-01 1.11042994e-15
70.20000000 4.19560671e-01 2.28088165e-15
70.30000000 3.91289289e-01 2.23624608e-15
70.40000000 3.62628780e-01 1.10512093e-15
70.50000000 3.32478557e-01 5.87679404e-16
70.60000000 2.99403931e-01 2.37768644e-15
70.70000000 2.61380964e-01 3.47782157e-15
70.80000000 2.15329111e-01 1.36232924e-15
70.90000000 1.56174483e-01 4.46690252e-16
71.00000000 7.47644663e-02 3.57648350e-15
71.10000000 4.74525198e-02 5.76212274e-15
71.20000000 2.54904310e-01 7.92281107e-15
71.30000000 6.87535780e-01 1.26115194e-14
71.40000000 2.13666076e+00 1.81359931e-14
71.50000000 1.71153372e+01 2.00509517e-13
71.60000000 2.62589718e+00 9.73760399e-15
71.70000000 1.68462757e+00 1.45678728e-14
71.80000000 1.35173315e+00 3.24189851e-15
71.90000000 1.18787357e+00 4.51685235e-15
72.00000000 1.09569762e+00 3.57206816e-15
72.10000000 1.04140770e+00 2.61543202e-15
72.20000000 1.01028861e+00 2.68696402e-15
72.30000000 9.95019746e-01 2.07615413e-15
72.40000000 9.91666814e-01 2.38418358e-15
72.50000000 9.98054062e-01 2.96729937e-16
72.60000000 1.01302430e+00 9.82907648e-16
72.70000000 1.03607854e+00 9.41785481e-16
72.80000000 1.06719790e+00 1.17337550e-15
72.90000000 1.10676445e+00 2.29824296e-15
73.00000000 1.15554437e+00 3.15776745e-15
73.10000000 1.21471988e+00 8.83358482e-16
73.20000000 1.28596925e+00 1.27321110e-16
73.30000000 1.37160584e+00 2.20566063e-15
73.40000000 1.47479985e+00 5.34345501e-16
73.50000000 1.59992757e+00 9.73360720e-16
73.60000000 1.75312864e+00 7.32293350e-16
73.70000000 1.94322166e+00 1.40660355e-15
73.80000000 2.18326936e+00 1.52347943e-15
73.90000000 2.49339356e+00 4.47741154e-15
74.00000000 2.90617033e+00 4.40989295e-15
74.10000000 3.47784093e+00 2.79203951e-15
74.20000000 4.31420946e+00 3.63674131e-15
74.30000000 5.63982051e+00 1.83576759e-15
74.40000000 8.02694210e+00 6.79946116e-15
74.50000000 1.34823517e+01 6.09850089e-16
74.60000000 3.73362893e+01 2.86804136e-14
74.70000000 6.00463621e+01 2.05614645e-15
74.80000000 1.82470255e+01 8.90285804e-15
74.90000000 1.16910376e+01 2.75072399e-15
75.00000000 9.52072277e+00 4.70856085e-15
75.10000000 9.49124320e+00 1.53727159e-15
75.20000000 1.51224601e+01 4.20619286e-15
75.30000000 1.14195269e+01 1.75712329e-15
75.40000000 9.50356108e-01 2.72544085e-15
75.50000000 5.43618338e-01 1.76402367e-15
75.60000000 1.03510850e+00 1.13931377e-15
75.70000000 1.23931789e+00 3.04977736e-16
75.80000000 1.33353278e+00 3.18545675e-15
75.90000000 1.38007384e+00 1.53066808e-15
76.00000000 1.40542236e+00 1.08176191e-15
76.10000000 1.42235049e+00 9.29449327e-16
76.20000000 1.43769597e+00 1.31695791e-15
76.30000000 1.45554753e+00 9.23400605e-16
76.40000000 1.47871952e+00 5.33766771e-16
76.50000000 1.50952524e+00 1.36351232e-15
76.60000000 1.55025759e+00 1.54870684e-15
76.70000000 1.60357177e+00 2.20508627e-15
76.80000000 1.67289399e+00 1.86440186e-15
76.90000000 1.76297762e+00 3.32876811e-15
77.00000000 1.88078974e+00 9.05411830e-16
77.10000000 2.03707917e+00 2.00656342e-15
77.20000000 2.24940276e+00 4.54801166e-16
77.30000000 2.54854359e+00 9.28418636e-16
77.40000000 2.99382505e+00 6.43734376e-16
77.50000000 3.71607740e+00 3.93347223e-15
77.60000000 5.07164213e+00 1.17537147e-15
77.70000000 8.49558082e+00 7.83515954e-15
77.80000000 3.32768243e+01 1.88472750e-14
77.90000000 1.50146073e+01 2.36531901e-14
78.00000000 5.77165988e+00 6.50867047e-15
78.10000000 3.43392348e+00 7.96938628e-15
78.20000000 2.36898369e+00 4.35628109e-15
78.30000000 1.76000896e+00 6.04751150e-16
78.40000000 1.36553552e+00 3.42612459e-15
78.50000000 1.08869510e+00 0.00000000e+00
78.60000000 8.83048746e-01 3.93681741e-16
78.70000000 7.23522187e-01 3.76610057e-15
78.80000000 5.95357145e-01 2.32714379e-15
78.90000000 4.89268125e-01 4.69059905e-16
79.00000000 3.99084232e-01 1.04291964e-15
79.10000000 3.20502888e-01 2.15471327e-15
79.20000000 2.50384913e-01 1.68016380e-15
79.30000000 1.86330740e-01 6.89430803e-16
79.40000000 1.26409355e-01 1.37152132e-15
79.50000000 6.89717049e-02 2.75542852e-16
79.60000000 1.25089538e-02 4.19314505e-16
79.70000000 4.44706280e-02 1.28925560e-15
79.80000000 1.03567665e-01 1.33551182e-15
79.90000000 1.66644039e-01 9.32876033e-16
80.00000000 2.36035071e-01 4.94874258e-16
80.10000000 3.14878733e-01 1.06495599e-15
80.20000000 4.07672178e-01 3.10575114e-15
80.30000000 5.21288581e-01 4.32891116e-16
80.40000000 6.66994964e-01 2.71976345e-15
80.50000000 8.64872335e-01 3.06069359e-15
80.60000000 1.15483008e+00 3.23207407e-15
80.70000000 1.62952773e+00 1.41987147e-15
80.80000000 2.56530968e+00 7.03196019e-15
80.90000000 5.32705081e+00 2.85100292e-14
81.00000000 3.73094393e+02 1.61325232e-12
81.10000000 5.92595782e+00 1.97552405e-14
81.20000000 3.03808746e+00 5.02095199e-15
81.30000000 2.08102377e+00 6.01858655e-16
81.40000000 1.60136246e+00 6.20985925e-15
81.50000000 1.31189394e+00 4.59971074e-15
81.60000000 1.11732435e+00 1.38631562e-15
81.70000000 9.76895551e-01 0.00000000e+00
81.80000000 8.70233686e-01 1.78715973e-15
81.90000000 7.86002339e-01 1.45543314e-15
82.00000000 7.17372771e-01 1.35540643e-15
82.10000000 6.59966768e-01 1.60025486e-16
82.20000000 6.10827489e-01 2.60196179e-15
82.30000000 5.67863539e-01 2.66539261e-15
82.40000000 5.29528582e-01 7.23998941e-16
82.50000000 4.94625324e-01 1.28741113e-15
82.60000000 4.62177805e-01 1.42722236e-16
82.70000000 4.31341483e-01 1.43809892e-16
82.80000000 4.01332896e-01 8.78158283e-16
82.90000000 3.71366234e-01 1.50499558e-16
83.00000000 3.40585693e-01 2.03385663e-15
83.10000000 3.07980521e-01 6.58230823e-16
83.20000000 2.72262967e-01 2.10412971e-15
83.30000000 2.31673981e-01 1.32723267e-15
83.40000000 1.83646883e-01 1.66860598e-15
83.50000000 1.24177227e-01 4.68519149e-16
83.60000000 4.65346856e-02 2.16073452e-15
83.70000000 6.16677826e-02 3.22465669e-16
83.80000000 2.26167872e-01 2.02368647e-15
83.90000000 5.10919202e-01 4.67648912e-15
84.00000000 1.13135949e+00 7.18537004e-15
84.10000000 3.55618688e+00 3.38455914e-14
84.20000000 9.54502648e+00 6.92236046e-14
84.30000000 2.68608581e+00 1.96301625e-15
84.40000000 1.76234986e+00 1.92366149e-15
84.50000000 1.39930887e+00 1.47014801e-15
84.60000000 1.20752299e+00 2.99450167e-15
84.70000000 1.09079821e+00 1.30926844e-15
84.80000000 1.01391917e+00 3.24971992e-15
84.90000000 9.60960826e-01 3.09527998e-15
85.00000000 9.23691777e-01 2.19999743e-15
85.10000000 8.97450292e-01 7.37091548e-16
85.20000000 8.79420964e-01 6.89759289e-16
85.30000000 8.67826932e-01 2.94423480e-15
85.40000000 8.61517644e-01 2.04167137e-15
85.50000000 8.59744832e-01 2.59231697e-15
85.60000000 8.62035523e-01 1.49623560e-15
85.70000000 8.68118931e-01 1.63131038e-15
85.80000000 8.77885805e-01 1.92986461e-15
85.90000000 8.91369602e-01 6.00312699e-16
86.00000000 9.08744849e-01 1.07282561e-15
86.10000000 9.30342271e-01 7.90810389e-16
86.20000000 9.56684240e-01 1.98061147e-15
86.30000000 9.88549639e-01 1.74341130e-15
86.40000000 1.02708676e+00 2.61322022e-15
86.50000000 1.07401201e+00 2.23256712e-15
86.60000000 1.13197400e+00 1.23615071e-15
86.70000000 1.20526399e+00 4.70872569e-15
86.80000000 1.30132448e+00 2.07652390e-15
86.90000000 1.43434117e+00 2.69658868e-15
87.00000000 1.63528035e+00 4.15595497e-15
87.10000000 1.98764004e+00 2.77785471e-15
87.20000000 2.82312004e+00 2.22819494e-14
87.30000000 8.35891957e+00 6.05830341e-14
87.40000000 2.78683670e+00 1.15553884e-15
87.50000000 4.37646215e-01 4.49714527e-15
87.60000000 1.86940143e-01 5.22286277e-15
87.70000000 5.06783180e-01 6.18612432e-15
87.80000000 7.23675669e-01 1.53048474e-15
87.90000000 8.97820336e-01 1.14081949e-15
88.00000000 1.05441665e+00 1.98192686e-15
88.10000000 1.20683465e+00 0.00000000e+00
88.20000000 1.36384381e+00 3.21967135e-15
88.30000000 1.53250195e+00 1.30518642e-15
88.40000000 1.71962551e+00 1.40269114e-15
88.50000000 1.93279964e+00 2.17153917e-15
88.60000000 2.18134836e+00 1.12717733e-15
88.70000000 2.47755477e+00 2.19702553e-15
88.80000000 2.83847067e+00 1.54530212e-16
88.90000000 3.28887734e+00 6.14789402e-16
89.00000000 3.86649275e+00 6.17546202e-16
89.10000000 4.63179361e+00 9.39773135e-16
89.20000000 5.68809149e+00 0.00000000e+00
89.30000000 7.22694364e+00 8.31554024e-16
89.40000000 9.64588383e+00 1.04569401e-15
89.50000000 1.39204131e+01 1.84947844e-15
89.60000000 2.32263837e+01 2.38874499e-15
89.70000000 5.69128227e+01 6.53368370e-16
89.80000000 2.32804922e+02 1.57943945e-15
89.90000000 4.51764409e+01 8.33397425e-16
90.00000000 2.82298294e+01 0.00000000e+00
90.10000000 2.30015412e+01 3.03519482e-15
90.20000000 2.20341058e+01 7.62355063e-15
90.30000000 2.50493607e+01 3.79898620e-15
90.40000000 3.94104010e+01 6.24478539e-15
90.50000000 1.38071407e+03 9.87424106e-13
90.60000000 2.37675546e+01 2.51154865e-14
90.70000000 9.56860453e+00 1.94538881e-14
90.80000000 5.05529270e+00 6.90181684e-15
90.90000000 2.94294250e+00 9.89902555e-15
91.00000000 1.76457996e+00 8.55053121e-15
91.10000000 1.03567203e+00 2.65710902e-15
91.20000000 5.52129738e-01 3.68233884e-15
91.30000000 2.14202161e-01 1.10363798e-15
91.40000000 3.20889923e-02 3.44002603e-15
91.50000000 2.18228694e-01 1.88551114e-16
91.60000000 3.63692387e-01 3.56356883e-15
91.70000000 4.81128732e-01 1.36399001e-15
91.80000000 5.79116609e-01 2.80545849e-15
91.90000000 6.63723728e-01 9.68683854e-16
92.00000000 7.39437125e-01 1.75522056e-15
92.10000000 8.09750187e-01 7.96410470e-16
92.20000000 8.77558139e-01 1.12405615e-15
92.30000000 9.45449733e-01 1.14463574e-15
92.40000000 1.01595214e+00 1.00950442e-15
92.50000000 1.09177436e+00 2.27537169e-15
92.60000000 1.17609713e+00 2.76375455e-15
92.70000000 1.27297698e+00 3.53732726e-15
92.80000000 1.38798139e+00 8.50997372e-16
92.90000000 1.52928589e+00 4.68749967e-15
93.00000000 1.70973652e+00 2.37350745e-15
93.10000000 1.95109533e+00 1.06684516e-15
93.20000000 2.29380041e+00 6.75598441e-15
93.30000000 2.82297192e+00 1.49762509e-15
93.40000000 3.75441724e+00 9.79944294e-15
93.50000000 5.84319354e+00 2.43868073e-14
93.60000000 1.48799824e+01 2.02137553e-14
93.70000000 2.12026421e+01 7.30800766e-14
93.80000000 5.74271201e+00 5.99334373e-15
93.90000000 3.15929894e+00 5.32626350e-15
94.00000000 2.09156326e+00 7.84554515e-15
94.10000000 1.50584901e+00 8.45389696e-15
94.20000000 1.13405681e+00 2.86763085e-15
94.30000000 8.75578924e-01 3.15714287e-15
94.40000000 6.84127978e-01 3.40664636e-15
94.50000000 5.35396903e-01 4.63045438e-15
94.60000000 4.15358148e-01 4.47594631e-15
94.70000000 3.15310250e-01 2.85939083e-15
94.80000000 2.29527899e-01 2.71534116e-15
94.90000000 1.54044757e-01 2.08789584e-15
95.00000000 8.59758430e-02 1.86014331e-15
95.10000000 2.31151758e-02 1.49477372e-15
95.20000000 3.63192285e-02 1.31820870e-15
95.30000000 9.38599533e-02 2.47656952e-15
95.40000000 1.50922664e-01 5.01253824e-16
95.50000000 2.08921542e-01 6.83252318e-16
95.60000000 2.69388020e-01 5.29450001e-16
95.70000000 3.34114831e-01 1.47528548e-15
95.80000000 4.05356440e-01 1.36555147e-15
95.90000000 4.86138503e-01 3.13830187e-15
96.00000000 5.80776544e-01 3.19142091e-15
96.10000000 6.95812558e-01 1.64497785e-15
96.20000000 8.41845187e-01 3.59400357e-15
96.30000000 1.03745816e+00 0.00000000e+00
96.40000000 1.31874079e+00 4.10456685e-16
96.50000000 1.76660602e+00 3.99273896e-15
96.60000000 2.60833658e+00 1.47720541e-14
96.70000000 4.82354279e+00 2.60053492e-14
96.80000000 2.82415679e+01 8.15375483e-14
96.90000000 7.43801702e+00 5.27298267e-14
97.00000000 3.28766480e+00 5.68017963e-15
97.10000000 2.10250503e+00 1.50158776e-14
97.20000000 1.53673939e+00 1.10749391e-14
97.30000000 1.20254240e+00 9.35813480e-15
97.40000000 9.79861435e-01 2.16571165e-15
97.50000000 8.19293347e-01 6.60990762e-15
97.60000000 6.96745771e-01 3.01686120e-15
97.70000000 5.99037031e-01 5.50851603e-15
97.80000000 5.18317535e-01 2.04587290e-16
97.90000000 4.49590322e-01 7.13127999e-15
98.00000000 3.89490371e-01 4.41409981e-15
98.10000000 3.35632947e-01 4.08404000e-15
98.20000000 2.86240936e-01 1.90632398e-15
98.30000000 2.39917424e-01 1.70892385e-15
98.40000000 1.95496725e-01 6.80840108e-16
98.50000000 1.51937634e-01 6.84869482e-16
98.60000000 1.08237049e-01 2.08753874e-15
98.70000000 6.33483080e-02 7.14321272e-16
98.80000000 1.60897162e-02 2.03851541e-15
98.90000000 3.49747294e-02 1.55654037e-15
99.00000000 9.17103972e-02 1.03457209e-15
99.10000000 1.56693074e-01 3.46047915e-15
99.20000000 2.33695485e-01 3.67477231e-16
99.30000000 3.28594093e-01 1.92036834e-15
99.40000000 4.51205825e-01 1.26052438e-15
99.50000000 6.19412123e-01 2.80787686e-15
99.60000000 8.69781735e-01 6.64808299e-15
99.70000000 1.29091912e+00 1.23762936e-14
99.80000000 2.16773259e+00 1.89896890e-14
99.90000000 5.20260007e+00 8.92775189e-15
100.00000000 2.26056056e+01 1.98517672e-13
