# omega0=1, alpha=0
# theta0=0.05, theta_dot0=0
# t_start=0, t_end=50, h=0.00911928
#   t          x(t)                 v(t)       
0  5.000000000000000e-02  0.000000000000000e+00
9.119282013323059e-02 4.979232715414621e-02 -4.551434759536468e-03
1.823856402664613e-01 4.917103231701768e-02 -9.065092069575065e-03
2.735784603996920e-01 4.814127238861562e-02 -1.350350573729470e-02
3.647712805329227e-01 4.671159497381151e-02 -1.782982968977317e-02
4.559641006661534e-01 4.489386792143640e-02 -2.200814205591574e-02
5.471569207993838e-01 4.270318144162295e-02 -2.600374209148515e-02
6.383497409326140e-01 4.015772356162514e-02 -2.978343759241396e-02
7.295425610658441e-01 3.727862989372136e-02 -3.331582047360237e-02
8.207353811990743e-01 3.408980889863174e-02 -3.657152823687716e-02
9.119282013323045e-01 3.061774403267953e-02 -3.952348911616503e-02
1.003121021465535e+00 2.689127436490742e-02 -4.214714877360651e-02
1.094313841598765e+00 2.294135543944097e-02 -4.442067653030541e-02
1.185506661731995e+00 1.880080233624526e-02 -4.632514925198851e-02
1.276699481865225e+00 1.450401704755034e-02 -4.784471117440584e-02
1.367892301998455e+00 1.008670243505556e-02 -4.896670814605036e-02
1.459085122131685e+00 5.585565162029807e-03 -4.968179498566268e-02
1.550277942264916e+00 1.038010102226869e-03 -4.998401489665082e-02
1.641470762398146e+00 -3.518171187971138e-03 -4.987085014638359e-02
1.732663582531376e+00 -8.045115288307222e-03 -4.934324350059750e-02
1.823856402664606e+00 -1.250520234524459e-02 -4.840559019629542e-02
1.915049222797836e+00 -1.686136942916199e-02 -4.706570053433268e-02
2.006242042931067e+00 -2.107741915384957e-02 -4.533473346894495e-02
2.097434863064297e+00 -2.511832094162297e-02 -4.322710185943376e-02
2.188627683197527e+00 -2.895050239065557e-02 -4.076035032319043e-02
2.279820503330757e+00 -3.254212829855666e-02 -3.795500688405955e-02
2.371013323463987e+00 -3.586336501585521e-02 -3.483440984158348e-02
2.462206143597217e+00 -3.888662794261697e-02 -3.142451149198634e-02
2.553398963730448e+00 -4.158681013845102e-02 -2.775366050919735e-02
2.644591783863678e+00 -4.394149018808206e-02 -2.385236494342907e-02
2.735784603996908e+00 -4.593111764893465e-02 -1.975303791667776e-02
2.826977424130138e+00 -4.753917460137766e-02 -1.548972819091217e-02
2.918170244263368e+00 -4.875231202421234e-02 -1.109783785838821e-02
3.009363064396598e+00 -4.956045992572523e-02 -6.613829457721049e-03
3.100555884529828e+00 -4.995691037255182e-02 -2.074924857528901e-03
3.191748704663059e+00 -4.993837277340145e-02 2.481201725005692e-03
3.282941524796289e+00 -4.950500099136519e-02 7.016734187471544e-03
3.374134344929519e+00 -4.866039207629231e-02 1.149402609583020e-02
3.465327165062749e+00 -4.741155662697621e-02 1.587591093415669e-02
3.556519985195979e+00 -4.576886101112402e-02 2.012600865938551e-02
3.647712805329209e+00 -4.374594188877674e-02 2.420902617896102e-02
3.738905625462440e+00 -4.135959370138565e-02 2.809104938589112e-02
3.830098445595670e+00 -3.862963000334432e-02 3.173982441223536e-02
3.921291265728900e+00 -3.557871972438335e-02 3.512502580153012e-02
4.012484085862130e+00 -3.223219965852622e-02 3.821850935644515e-02
4.103676905995361e+00 -2.861786467663169e-02 4.099454749353888e-02
4.194869726128591e+00 -2.476573735295782e-02 4.343004503554960e-02
4.286062546261821e+00 -2.070781887945060e-02 4.550473349588904e-02
4.377255366395051e+00 -1.647782331215667e-02 4.720134206172145e-02
4.468448186528281e+00 -1.211089734973322e-02 4.850574366197313e-02
4.559641006661511e+00 -7.643327981916015e-03 4.940707471436086e-02
4.650833826794742e+00 -3.112240463545067e-03 4.989782737928332e-02
4.742026646927972e+00 1.444710834906040e-03 4.997391340513309e-02
4.833219467061202e+00 5.989656078304208e-03 4.963469892502285e-02
4.924412287194432e+00 1.048482545207114e-02 4.888300985385177e-02
5.015605107327662e+00 1.489286379584400e-02 4.772510783111562e-02
5.106797927460892e+00 1.917714170839768e-02 4.617063695252378e-02
5.197990747594122e+00 2.330206048220613e-02 4.423254182590108e-02
5.289183567727353e+00 2.723334828777492e-02 4.192695776788136e-02
5.380376387860583e+00 3.093834511452662e-02 3.927307422201646e-02
5.471569207993813e+00 3.438627408480547e-02 3.629297272150725e-02
5.562762028127043e+00 3.754849688835463e-02 3.301144093730445e-02
5.653954848260273e+00 4.039875123401182e-02 2.945576454258412e-02
5.745147668393503e+00 4.291336838082783e-02 2.565549878663475e-02
5.836340488526734e+00 4.507146898976740e-02 2.164222180532683e-02
5.927533308659964e+00 4.685513572711898e-02 1.744927180303088e-02
6.018726128793194e+00 4.824956124941020e-02 1.311147032449192e-02
6.109918948926424e+00 4.924317040494050e-02 8.664833897808236e-03
6.201111769059654e+00 4.982771569724157e-02 4.146276374705508e-03
6.292304589192884e+00 4.999834526941122e-02 -4.066956748071037e-04
6.383497409326115e+00 4.975364288419687e-02 -4.956292136389494e-03
6.474690229459345e+00 4.909563959205393e-02 -9.464750705343524e-03
6.565883049592575e+00 4.802979699750313e-02 -1.389464802693146e-02
6.657075869725805e+00 4.656496225241554e-02 -1.820920822985091e-02
6.748268689859035e+00 4.471329512286159e-02 -2.237260646582678e-02
6.839461509992265e+00 4.249016769330999e-02 -2.635026508118784e-02
6.930654330125495e+00 3.991403748755488e-02 -3.010914006796534e-02
7.021847150258726e+00 3.700629499886353e-02 -3.361799547522627e-02
7.113039970391956e+00 3.379108683127909e-02 -3.684766350928240e-02
7.204232790525186e+00 3.029511585828028e-02 -3.977128811756014e-02
7.295425610658416e+00 2.654742000227566e-02 -4.236454993864298e-02
7.386618430791646e+00 2.257913142658712e-02 -4.460587061326005e-02
7.477811250924876e+00 1.842321810830990e-02 -4.647659459003077e-02
7.569004071058107e+00 1.411420992321657e-02 -4.796114672685597e-02
7.660196891191337e+00 9.687911520128160e-03 -4.904716418407838e-02
7.751389711324567e+00 5.181104389384063e-03 -4.972560132774860e-02
7.842582531457797e+00 6.312406358450469e-04 -4.999080660804856e-02
7.933775351591027e+00 -3.923868950812628e-03 -4.984057064542944e-02
8.024968171724257e+00 -8.446369878593594e-03 -4.927614504050742e-02
8.116160991857488e+00 -1.289867930776008e-02 -4.830223171757528e-02
8.207353811990718e+00 -1.724379909301649e-02 -4.692694290950983e-02
8.298546632123948e+00 -2.144562385217812e-02 -4.516173218744586e-02
8.389739452257178e+00 -2.546924145015729e-02 -4.302129722552958e-02
8.480932272390408e+00 -2.928122336260515e-02 -4.052345526351746e-02
8.572125092523638e+00 -3.284990248304136e-02 -3.768899248288100e-02
8.663317912656868e+00 -3.614563605881058e-02 -3.454148874137902e-02
8.754510732790099e+00 -3.914105158243383e-02 -3.110711931393648e-02
8.845703552923329e+00 -4.181127362338435e-02 -2.741443546258712e-02
8.936896373056559e+00 -4.413412975844264e-02 -2.349412580495901e-02
9.028089193189789e+00 -4.609033394403612e-02 -1.937876057027151e-02
9.119282013323019e+00 -4.766364586894784e-02 -1.510252092606182e-02
9.210474833456249e+00 -4.884100502830432e-02 -1.070091563065574e-02
9.301667653589480e+00 -4.961263846792628e-02 -6.210487319020520e-03
9.392860473722710e+00 -4.997214136035524e-02 -1.668510766559076e-03
9.484053293855940e+00 -4.991652978887805e-02 2.887314500040501e-03
9.575246113989170e+00 -4.944626533266797e-02 7.419174860688396e-03
9.666438934122400e+00 -4.856525126399157e-02 1.188945413642770e-02
9.757631754255630e+00 -4.728080038670422e-02 1.626104360653691e-02
9.848824574388860e+00 -4.560357476346350e-02 2.049764811761083e-02
9.940017394522091e+00 -4.354749779670709e-02 2.456408590366341e-02
1.003121021465532e+01 -4.112963934484213e-02 2.842657975367453e-02
1.012240303478855e+01 -3.837007476946645e-02 3.205303719056064e-02
1.021359585492178e+01 -3.529171902072344e-02 3.541331736633513e-02
1.030478867505501e+01 -3.192013707472322e-02 3.847948243564296e-02
1.039598149518824e+01 -2.828333223766652e-02 4.122603124735373e-02
1.048717431532147e+01 -2.441151402390677e-02 4.363011329465932e-02
1.057836713545470e+01 -2.033684749743314e-02 4.567172099074479e-02
1.066955995558793e+01 -1.609318613570849e-02 4.733385849132383e-02
1.076075277572116e+01 -1.171579042889593e-02 4.860268546780954e-02
1.085194559585439e+01 -7.241034563694623e-03 4.946763444504674e-02
1.094313841598762e+01 -2.706103656833083e-03 4.992150055347865e-02
1.103433123612085e+01 1.851315903481652e-03 4.996050280419383e-02
1.112552405625408e+01 6.393350381061075e-03 4.958431627216424e-02
1.121671687638731e+01 1.088225421016520e-02 4.879607486284115e-02
1.130790969652054e+01 1.528072442273562e-02 4.760234463412112e-02
1.139910251665377e+01 1.955221130933213e-02 4.601306794314475e-02
1.149029533678700e+01 2.366122267661231e-02 4.404147897903276e-02
1.158148815692023e+01 2.757361912822926e-02 4.170399152239648e-02
1.167268097705346e+01 3.125689788481476e-02 3.902006003482834e-02
1.176387379718669e+01 3.468046277046519e-02 3.601201542205025e-02
1.185506661731992e+01 3.781587812569484e-02 3.270487702957685e-02
1.194625943745315e+01 4.063710455775214e-02 2.912614261750775e-02
1.203745225758638e+01 4.312071460596089e-02 2.530555822057435e-02
1.212864507771961e+01 4.524608657978569e-02 2.127486993126722e-02
1.221983789785284e+01 4.699557501815418e-02 1.706755974930968e-02
1.231103071798607e+01 4.835465641791224e-02 1.271856772237987e-02
1.240222353811930e+01 4.931204908510535e-02 8.264002663912166e-03
1.249341635825254e+01 4.985980617333918e-02 3.740843777450921e-03
1.258460917838577e+01 4.999338118735449e-02 -8.133644531764139e-04
1.267580199851900e+01 4.971166544604073e-02 -5.360821729518578e-03
1.276699481865223e+01 4.901699721655361e-02 -9.863783370706699e-03
1.285818763878546e+01 4.791514244933924e-02 -1.428487131835536e-02
1.294938045891869e+01 4.641524726216706e-02 -1.858738232127886e-02
1.304057327905192e+01 4.452976253922843e-02 -2.273559091383676e-02
1.313176609918515e+01 4.227434122840022e-02 -2.669504481531808e-02
1.322295891931838e+01 3.966770913518419e-02 -3.043285040034913e-02
1.331415173945161e+01 3.673151022467328e-02 -3.391794592466448e-02
1.340534455958484e+01 3.349012765194113e-02 -3.712136023999293e-02
1.349653737971807e+01 2.997048194497382e-02 -4.001645479974711e-02
1.358773019985130e+01 2.620180796081555e-02 -4.257914684701017e-02
1.367892301998453e+01 2.221541242285470e-02 -4.478811179088535e-02
1.377011584011776e+01 1.804441402276756e-02 -4.662496291877774e-02
1.386130866025099e+01 1.372346823204728e-02 -4.807440676178373e-02
1.395250148038422e+01 9.288479112702851e-03 -4.912437262807106e-02
1.404369430051745e+01 4.776300542103502e-03 -4.976611504365106e-02
1.413488712065068e+01 2.244293707307410e-04 -4.999428808868490e-02
1.422607994078391e+01 -4.329306888259412e-03 -4.980699088660535e-02
1.431727276091714e+01 -8.847065183912782e-03 -4.920578378798488e-02
1.440846558105037e+01 -1.329130218464236e-02 -4.819567508551972e-02
1.449965840118360e+01 -1.762508698419531e-02 -4.678507839447650e-02
1.459085122131683e+01 -2.181240859868639e-02 -4.498574112801820e-02
1.468204404145006e+01 -2.581847564925002e-02 -4.281264478270461e-02
1.477323686158329e+01 -2.961000570257911e-02 -4.028387802036148e-02
1.486442968171652e+01 -3.315550184316285e-02 -3.742048378344943e-02
1.495562250184975e+01 -3.642551417439858e-02 -3.424628190810362e-02
1.504681532198298e+01 -3.939288408862351e-02 -3.078766889943969e-02
1.513800814211621e+01 -4.203296930598641e-02 -2.707339670611566e-02
1.522920096224944e+01 -4.432384785638814e-02 -2.313433247537504e-02
1.532039378238267e+01 -4.624649936493394e-02 -1.900320138693884e-02
1.541158660251590e+01 -4.778496219707690e-02 -1.471431475623828e-02
1.550277942264913e+01 -4.892646522273530e-02 -1.030328566742642e-02
1.559397224278236e+01 -4.966153316726118e-02 -5.806734447688424e-03
1.568516506291559e+01 -4.998406472966269e-02 -1.261986330056431e-03
1.577635788304882e+01 -4.989138286368775e-02 3.293236324463714e-03
1.586755070318205e+01 -4.938425683429284e-02 7.821124860272987e-03
1.595874352331528e+01 -4.846689587991308e-02 1.228409582358064e-02
1.604993634344851e+01 -4.714691452923759e-02 1.664510072782946e-02
1.614112916358174e+01 -4.543526983937066e-02 2.086793169814820e-02
1.623232198371497e+01 -4.334617103979461e-02 2.491752061508013e-02
1.632351480384820e+01 -4.089696228280713e-02 2.876022939601392e-02
1.641470762398143e+01 -3.810797941524985e-02 3.236412908134979e-02
1.650590044411466e+01 -3.500238189728965e-02 3.569926543456346e-02
1.659709326424789e+01 -3.160596120037062e-02 3.873790882440190e-02
1.668828608438112e+01 -2.794692721652017e-02 4.145478623689780e-02
1.677947890451435e+01 -2.405567440296261e-02 4.382729336786463e-02
1.687067172464758e+01 -1.996452956720084e-02 4.583568487556294e-02
1.696186454478081e+01 -1.570748336591274e-02 4.746324102996406e-02
1.705305736491404e+01 -1.131990774361346e-02 4.869640918002850e-02
1.714425018504727e+01 -6.838261671501732e-03 4.952491867296897e-02
1.723544300518050e+01 -2.299787660807488e-03 4.994186809758142e-02
1.732663582531373e+01 2.257798383903833e-03 4.994378398412382e-02
1.741782864544696e+01 6.796621339473650e-03 4.953065037147485e-02
1.750902146558019e+01 1.127896239438969e-02 4.870590894303623e-02
1.760021428571342e+01 1.566757324827320e-02 4.747642973000391e-02
1.769140710584665e+01 1.992598630781436e-02 4.585245267782431e-02
1.778259992597988e+01 2.401881824666518e-02 4.384750066247124e-02
1.787379274611311e+01 2.791206436310583e-02 4.147826482157220e-02
1.796498556624634e+01 3.157338126022027e-02 3.876446332599608e-02
1.805617838637957e+01 3.497235548701487e-02 3.572867495584949e-02
1.814737120651280e+01 3.808075591320297e-02 3.239614905762863e-02
1.823856402664603e+01 4.087276776282628e-02 2.879459364452403e-02
1.832975684677927e+01 4.332520639993889e-02 2.495394355887081e-02
1.842094966691250e+01 4.541770914067776e-02 2.090611074501529e-02
1.851214248704573e+01 4.713290355772717e-02 1.668471878407350e-02
1.860333530717896e+01 4.845655094318312e-02 1.232482392171327e-02
1.869452812731219e+01 4.937766380213023e-02 7.862624879335690e-03
1.878572094744542e+01 4.988859646015321e-02 3.335163781301227e-03
1.887691376757865e+01 4.998510808212474e-02 -1.219979440437300e-03
1.896810658771188e+01 4.966639761585299e-02 -5.764996784671955e-03
1.905929940784511e+01 4.893511039169913e-02 -1.026216367231458e-02
1.915049222797834e+01 4.779731632744778e-02 -1.467414979682349e-02
1.924168504811157e+01 4.626245990600327e-02 -1.896432694115661e-02
1.933287786824480e+01 4.434328231138180e-02 -2.309707137597306e-02
1.942407068837803e+01 4.205571632539933e-02 -2.703805846810519e-02
1.951526350851126e+01 3.941875480267872e-02 -3.075454715182734e-02
1.960645632864449e+01 3.645429375415538e-02 -3.421565195100734e-02
1.969764914877772e+01 3.318695127789788e-02 -3.739260029115089e-02
1.978884196891095e+01 2.964386377922232e-02 -4.025897291010559e-02
1.988003478904418e+01 2.585446111789285e-02 -4.279092526809734e-02
1.997122760917741e+01 2.185022250651329e-02 -4.496738797467233e-02
2.006242042931064e+01 1.766441515864454e-02 -4.677024439409781e-02
2.015361324944387e+01 1.333181784520210e-02 -4.818448376290695e-02
2.024480606957710e+01 8.888431660726354e-03 -4.919832835344475e-02
2.033599888971033e+01 4.371180424672699e-03 -4.980333344407624e-02
2.042719170984356e+01 -1.823967553769561e-04 -4.999445910745123e-02
2.051838452997679e+01 -4.734458153735873e-03 -4.977011309895612e-02
2.060957735011002e+01 -9.247174672494338e-03 -4.913216441324905e-02
2.070077017024325e+01 -1.368304497988847e-02 -4.808592737178816e-02
2.079196299037648e+01 -1.800520785886994e-02 -4.664011640224264e-02
2.088315581050971e+01 -2.217774911174138e-02 -4.480677196517627e-02
2.097434863064294e+01 -2.616600042133164e-02 -4.260115836816064e-02
2.106554145077617e+01 -2.993682764909883e-02 -4.004163447678102e-02
2.115673427090940e+01 -3.345890615412694e-02 -3.714949858094575e-02
2.124792709104263e+01 -3.670298084218343e-02 -3.394880889966594e-02
2.133911991117586e+01 -3.964210879849607e-02 -3.046618140543429e-02
2.143031273130909e+01 -4.225188251917494e-02 -2.673056681919974e-02
2.152150555144232e+01 -4.451063193167735e-02 -2.277300876869279e-02
2.161269837157555e+01 -4.639960358187133e-02 -1.862638521766911e-02
2.170389119170878e+01 -4.790311556173132e-02 -1.432513536365953e-02
2.179508401184201e+01 -4.900868695536395e-02 -9.904974269938097e-03
2.188627683197524e+01 -4.970714079006668e-02 -5.402597546987314e-03
2.197746965210847e+01 -4.999267969193247e-02 -8.553784332172832e-04
2.206866247224170e+01 -4.986293366090659e-02 3.698940352633866e-03
2.215985529237493e+01 -4.931897959723248e-02 8.222557601323625e-03
2.225104811250816e+01 -4.836533242917293e-02 1.267792505230768e-02
2.234224093264139e+01 -4.700990791019091e-02 1.702805688845355e-02
2.243343375277462e+01 -4.526395737191621e-02 2.123683489691060e-02
2.252462657290785e+01 -4.314197493667402e-02 2.526930691765358e-02
2.261581939304108e+01 -4.066157790945629e-02 2.909197622021231e-02
2.270701221317431e+01 -3.784336128312472e-02 3.267307947878158e-02
2.279820503330754e+01 -3.471072750122951e-02 3.598285105940471e-02
2.288939785344077e+01 -3.128969282869759e-02 3.899377139367709e-02
2.298059067357400e+01 -2.760867188005481e-02 4.168079729484705e-02
2.307178349370723e+01 -2.369824204576948e-02 4.402157217739937e-02
2.316297631384046e+01 -1.959088973745196e-02 4.599661427265609e-02
2.325416913397369e+01 -1.532074053954559e-02 4.758948109218057e-02
2.334536195410692e+01 -1.092327550623302e-02 4.878690857826943e-02
2.343655477424015e+01 -6.435035975009900e-03 4.957892359575075e-02
2.352774759437338e+01 -1.893319380330386e-03 4.995892865955987e-02
2.361894041450661e+01 2.664131360258944e-03 4.992375805474970e-02
2.371013323463984e+01 7.199442250808884e-03 4.947370478518865e-02
2.380132605477307e+01 1.167492373760934e-02 4.861251807875847e-02
2.389251887490630e+01 1.605338465963078e-02 4.734737147429027e-02
2.398371169503953e+01 2.029844195848011e-02 4.568880181235762e-02
2.407490451517276e+01 2.437482352025737e-02 4.365061974199386e-02
2.416609733530600e+01 2.824866159026645e-02 4.124979263241166e-02
2.425729015543923e+01 3.188777429456543e-02 3.850630103756528e-02
2.434848297557246e+01 3.526193291797149e-02 3.544297009756795e-02
2.443967579570569e+01 3.834311272414548e-02 3.208527747138088e-02
2.453086861583892e+01 4.110572525732732e-02 2.846113957792903e-02
2.462206143597215e+01 4.352683023461498e-02 2.460067807728120e-02
2.471325425610538e+01 4.558632531982040e-02 2.053596865040259e-02
2.480444707623861e+01 4.726711226244997e-02 1.630077423697717e-02
2.489563989637184e+01 4.855523808599584e-02 1.193026496849798e-02
2.498683271650507e+01 4.944001021650661e-02 7.460727091411250e-03
2.507802553663830e+01 4.991408465365327e-02 2.929263216024035e-03
2.516921835677153e+01 4.997352650085624e-02 -1.626513745450010e-03
2.526041117690476e+01 4.961784238742523e-02 -6.168790570871973e-03
2.535160399703799e+01 4.884998453327281e-02 -1.065986525965562e-02
2.544279681717122e+01 4.767632642496586e-02 -1.506245770966553e-02
2.553398963730445e+01 4.610661029015491e-02 -1.934001714740978e-02
2.562518245743768e+01 4.415386677525764e-02 -2.345702392721258e-02
2.571637527757091e+01 4.183430744808320e-02 -2.737928333007465e-02
2.580756809770414e+01 3.916719096211242e-02 -3.107420901738411e-02
2.589876091783737e+01 3.617466393141037e-02 -3.451109383143296e-02
2.598995373797060e+01 3.288157777336475e-02 -3.766136568715758e-02
2.608114655810383e+01 2.931528297903005e-02 -4.049882637112480e-02
2.617233937823706e+01 2.550540246591501e-02 -4.299987115781496e-02
2.626353219837029e+01 2.148358585340273e-02 -4.514368727249916e-02
2.635472501850352e+01 1.728324667424043e-02 -4.691242937647238e-02
2.644591783863675e+01 1.293928469414476e-02 -4.829137042506192e-02
2.653711065876998e+01 8.487795652967998e-03 -4.926902645145512e-02
2.662830347890321e+01 3.965770862570066e-03 -4.983725405845849e-02
2.671949629903644e+01 -5.892108037526267e-04 -4.999131965299490e-02
2.681068911916967e+01 -5.139295919695979e-03 -4.972993973043880e-02
2.690188193930290e+01 -9.646671851451308e-03 -4.905529180272476e-02
2.699307475943613e+01 -1.407388175590207e-02 -4.797299585970338e-02
2.708426757956936e+01 -1.838413655064529e-02 -4.649206655114915e-02
2.717546039970259e+01 -2.254162120551354e-02 -4.462483657070552e-02
2.726665321983582e+01 -2.651179276219537e-02 -4.238685200666203e-02
2.735784603996905e+01 -3.026166757065061e-02 -3.979674069213318e-02
2.744903886010228e+01 -3.376009533661243e-02 -3.687605483413563e-02
2.754023168023551e+01 -3.697801770148924e-02 -3.364908942351256e-02
2.763142450036874e+01 -3.988870922207130e-02 -3.014267812314264e-02
2.772261732050197e+01 -4.246799878008629e-02 -2.638596849921243e-02
2.781381014063520e+01 -4.469446962826383e-02 -2.241017859962183e-02
2.790500296076843e+01 -4.654963646765126e-02 -1.824833699609211e-02
2.799619578090166e+01 -4.801809814812535e-02 -1.393500849448597e-02
2.808738860103489e+01 -4.908766478825578e-02 -9.506007784177539e-03
2.817858142116812e+01 -4.974945832007834e-02 -4.998103345390133e-03
2.826977424130135e+01 -4.999798567742190e-02 -4.487139667159776e-04
2.836096706143458e+01 -4.983118406200721e-02 4.104399753205871e-03
2.845215988156781e+01 -4.925043793867431e-02 8.623446532899625e-03
2.854335270170104e+01 -4.826056762909774e-02 1.307091577099172e-02
2.863454552183427e+01 -4.686978959165321e-02 1.740988675118348e-02
2.872573834196750e+01 -4.508964869320199e-02 2.160433330059486e-02
2.881693116210073e+01 -4.293492299591843e-02 2.561942152432842e-02
2.890812398223396e+01 -4.042350179823310e-02 2.942179825893781e-02
2.899931680236719e+01 -3.757623788262520e-02 3.297986791826533e-02
2.909050962250042e+01 -3.441677513323447e-02 3.626405545001041e-02
2.918170244263365e+01 -3.097135289163041e-02 3.924705318385272e-02
2.927289526276688e+01 -2.726858861781713e-02 4.190404943538725e-02
2.936408808290011e+01 -2.333924061360935e-02 4.421293683758969e-02
2.945528090303334e+01 -1.921595274458306e-02 4.615449850541280e-02
2.954647372316657e+01 -1.493298326239895e-02 4.771257030088553e-02
2.963766654329980e+01 -1.052591997884918e-02 4.887417765608598e-02
2.972885936343303e+01 -6.031384173947671e-03 4.962964562865741e-02
2.982005218356626e+01 -1.486725730372690e-03 4.997268110690217e-02
2.991124500369950e+01 3.070287926557805e-03 4.990042634542669e-02
3.000243782383273e+01 7.601786442206944e-03 4.941348329320763e-02
3.009363064396596e+01 1.207011202225658e-02 4.851590846828639e-02
3.018482346409919e+01 1.643813311282318e-02 4.721517843093957e-02
3.027601628423242e+01 2.066955360349458e-02 4.552212620369094e-02
3.036720910436565e+01 2.472921493075813e-02 4.345084927556062e-02
3.045840192449888e+01 2.858338853010506e-02 4.101859010353254e-02
3.054959474463211e+01 3.220005618022732e-02 3.824559028112851e-02
3.064078756476534e+01 3.554917590026486e-02 3.515491977796056e-02
3.073198038489857e+01 3.860293119877405e-02 3.177228286212634e-02
3.082317320503180e+01 4.133596162851068e-02 2.812580249753482e-02
3.091436602516503e+01 4.372557277168940e-02 2.424578516022428e-02
3.100555884529826e+01 4.575192396354509e-02 2.016446814221116e-02
3.109675166543149e+01 4.739819225534807e-02 1.591575151020320e-02
3.118794448556472e+01 4.865071131928890e-02 1.153491696228116e-02
3.127913730569795e+01 4.949908420489210e-02 7.058335881612445e-03
3.137033012583118e+01 4.993626906819351e-02 2.523168925865211e-03
3.146152294596441e+01 4.995863720948673e-02 -2.032940482370620e-03
3.155271576609764e+01 4.956600297196882e-02 -6.572176382170235e-03
3.164390858623087e+01 4.876162527130126e-02 -1.105686182678856e-02
3.173510140636410e+01 4.755218074433183e-02 -1.544976936797877e-02
3.182629422649733e+01 4.594770872348160e-02 -1.971442808043473e-02
3.191748704663056e+01 4.396152846107113e-02 -2.381542474306312e-02
3.200867986676379e+01 4.161012924454529e-02 -2.771869680955320e-02
3.209987268689702e+01 3.891303425838165e-02 -3.139181482614178e-02
3.219106550703025e+01 3.589263926042412e-02 -3.480425199252207e-02
3.228225832716348e+01 3.257402734816745e-02 -3.792763861587543e-02
3.237345114729671e+01 2.898476129251419e-02 -4.073599928148169e-02
3.246464396742994e+01 2.515465511080965e-02 -4.320597065953920e-02
3.255583678756317e+01 2.111552673533201e-02 -4.531699798943307e-02
3.264702960769640e+01 1.690093380546073e-02 -4.705150843164730e-02
3.273822242782963e+01 1.254589476892338e-02 -4.839505965469807e-02
3.282941524796286e+01 8.086597617262208e-03 -4.933646222953002e-02
3.292060806809609e+01 3.560098700487490e-03 -4.986787463512809e-02
3.301180088822932e+01 -9.959858364725909e-04 -4.998486993372019e-02
3.310299370836255e+01 -5.543793379403825e-03 -4.968647344775683e-02
3.319418652849578e+01 -1.004553026853807e-02 -4.897517105871135e-02
3.328537934862901e+01 -1.446378663521361e-02 -4.785688804375844e-02
3.337657216876224e+01 -1.876184797222773e-02 -4.634093866421787e-02
3.346776498889547e+01 -2.290400079157864e-02 -4.443994701286198e-02
3.355895780902870e+01 -2.685582978251937e-02 -4.216973990959250e-02
3.365015062916194e+01 -3.058450396711571e-02 -3.954921290099645e-02
3.374134344929517e+01 -3.405904945809714e-02 -3.660017066416840e-02
3.383253626942840e+01 -3.725060655261136e-02 -3.334714333531398e-02
3.392372908956163e+01 -4.013266904316568e-02 -2.981718047665578e-02
3.401492190969486e+01 -4.268130379102920e-02 -2.603962455997864e-02
3.410611472982809e+01 -4.487534878510901e-02 -2.204586598198473e-02
3.419730754996132e+01 -4.669658809830215e-02 -1.786908173683355e-02
3.428850037009455e+01 -4.812990235123426e-02 -1.354395995712571e-02
3.437969319022778e+01 -4.916339349804018e-02 -9.106412599148881e-03
3.447088601036101e+01 -4.978848295862842e-02 -4.593278594825174e-03
3.456207883049424e+01 -4.999998233522461e-02 -4.201982493994201e-05
3.465327165062747e+01 -4.979613616673544e-02 4.509587710892344e-03
3.474446447076070e+01 -4.917863639171724e-02 9.023765139765456e-03
3.483565729089393e+01 -4.815260840878357e-02 1.346304198309338e-02
3.492685011102716e+01 -4.672656884159263e-02 1.779056505281813e-02
3.501804293116039e+01 -4.491235533361574e-02 2.197040258829368e-02
3.510923575129362e+01 -4.272502891515030e-02 2.596784125809322e-02
3.520042857142685e+01 -4.018274970082291e-02 2.974967367168204e-02
3.529162139156008e+01 -3.730662688923461e-02 3.328447407780361e-02
3.538281421169331e+01 -3.412054424626564e-02 3.654285997274911e-02
3.547400703182654e+01 -3.065096245840922e-02 3.949773740587828e-02
3.556519985195977e+01 -2.692669994055744e-02 4.212452785522102e-02
3.565639267209300e+01 -2.297869387183554e-02 4.440137465572214e-02
3.574758549222623e+01 -1.883974341104993e-02 4.630932709901846e-02
3.583877831235946e+01 -1.454423720758264e-02 4.783250048793173e-02
3.592997113249269e+01 -1.012786747156155e-02 4.895821062135314e-02
3.602116395262592e+01 -5.627332996327603e-03 4.967708140483963e-02
3.611235677275915e+01 -1.080033634227542e-03 4.998312452669320e-02
3.620354959289238e+01 3.476241188521653e-03 4.987379040494828e-02
3.629474241302561e+01 8.003627272451340e-03 4.934998989284529e-02
3.638593523315884e+01 1.246450108207084e-02 4.841608652343555e-02
3.647712805329207e+01 1.682179313439960e-02 4.707985937176481e-02
3.656832087342530e+01 2.103929667418617e-02 4.535243690918848e-02
3.665951369355853e+01 2.508196901857341e-02 4.324820251243457e-02
3.675070651369176e+01 2.891622302702138e-02 4.078467256414947e-02
3.684189933382499e+01 3.251020624951273e-02 3.798234833667938e-02
3.693309215395822e+01 3.583406542550263e-02 3.486454308261046e-02
3.702428497409145e+01 3.886019414547043e-02 3.145718596115891e-02
3.711547779422468e+01 4.156346164380970e-02 2.778860460720425e-02
3.720667061435791e+01 4.392142086358754e-02 2.388928829923304e-02
3.729786343449114e+01 4.591449411787156e-02 1.979163380455653e-02
3.738905625462437e+01 4.752613486644397e-02 1.552967607678836e-02
3.748024907475760e+01 4.874296432859513e-02 1.113880605443483e-02
3.757144189489083e+01 4.955488186038123e-02 6.655477863808033e-03
3.766263471502406e+01 4.995514823662317e-02 2.116907767786790e-03
3.775382753515729e+01 4.994044119270705e-02 -2.439232772415668e-03
3.784502035529052e+01 4.951088279790420e-02 -6.975127539401242e-03
3.793621317542375e+01 4.867003844968570e-02 -1.145312711407154e-02
3.802740599555698e+01 4.742488749675959e-02 -1.583605914831924e-02
3.811859881569021e+01 4.578576571679428e-02 -2.008753496473847e-02
3.820979163582344e+01 4.376628009249239e-02 -2.417225010113866e-02
3.830098445595667e+01 4.138319654623200e-02 -2.805627643416651e-02
3.839217727608990e+01 3.865630150810798e-02 -3.170734354276847e-02
3.848337009622313e+01 3.560823840384678e-02 -3.509510701156327e-02
3.857456291635636e+01 3.226432035640688e-02 -3.819140142981943e-02
3.866575573648959e+01 2.865232059646677e-02 -4.097047591710788e-02
3.875694855662282e+01 2.480224227049530e-02 -4.340921010504424e-02
3.884814137675605e+01 2.074606951847143e-02 -4.548730862851898e-02
3.893933419688928e+01 1.651750186414383e-02 -4.718747233127035e-02
3.903052701702251e+01 1.215167411644649e-02 -4.849554457035797e-02
3.912171983715574e+01 7.684864118748139e-03 -4.940063121158730e-02
3.921291265728897e+01 3.154190800548508e-03 -4.989519314146365e-02
3.930410547742220e+01 -1.402694918203017e-03 -4.997511037777373e-02
3.939529829755543e+01 -5.947923748712794e-03 -4.963971713617861e-02
3.948649111768867e+01 -1.044372351390541e-02 -4.889180749903638e-02
3.957768393782190e+01 -1.485273380219650e-02 -4.773761162910913e-02
3.966887675795513e+01 -1.913831711708780e-02 -4.618674276848762e-02
3.976006957808836e+01 -2.326486388051308e-02 -4.425211555555849e-02
3.985126239822159e+01 -2.719808870938134e-02 -4.194983647399923e-02
3.994245521835482e+01 -3.090531547119163e-02 -3.929906751208190e-02
4.003364803848805e+01 -3.435574873417425e-02 -3.632186435336547e-02
4.012484085862128e+01 -3.752072935801697e-02 -3.304299063764108e-02
4.021603367875451e+01 -4.037397212046753e-02 -2.948971002150963e-02
4.030722649888774e+01 -4.289178344042591e-02 -2.569155793026338e-02
4.039841931902097e+01 -4.505325743698189e-02 -2.168009502713001e-02
4.048961213915420e+01 -4.684044875373005e-02 -1.748864453386578e-02
4.058080495928743e+01 -4.823852077629389e-02 -1.315201562053612e-02
4.067199777942066e+01 -4.923586807625323e-02 -8.706215145139393e-03
4.076319059955389e+01 -4.982421212482955e-02 -4.188150068919628e-03
4.085438341968712e+01 -4.999866953329345e-02 3.646770957754851e-04
4.094557623982035e+01 -4.975779229297212e-02 4.914477428223914e-03
4.103676905995358e+01 -4.910357970507374e-02 9.423486944132651e-03
4.112796188008681e+01 -4.804146190864048e-02 1.385427774886103e-02
4.121915470022004e+01 -4.658025513324682e-02 1.817006660584558e-02
4.131034752035327e+01 -4.473208902107242e-02 2.233501853310174e-02
4.140154034048650e+01 -4.251230658013944e-02 2.631454305351487e-02
4.149273316061973e+01 -3.993933754611487e-02 3.007558074620997e-02
4.158392598075296e+01 -3.703454614321961e-02 3.358687777934532e-02
4.167511880088619e+01 -3.382205444426949e-02 3.681924615245083e-02
4.176631162101942e+01 -3.032854273419551e-02 3.974580744239312e-02
4.185750444115265e+01 -2.658302847874025e-02 4.234221793456217e-02
4.194869726128588e+01 -2.261662568829892e-02 4.458687313289854e-02
4.203989008141911e+01 -1.846228664372262e-02 4.646108978116242e-02
4.213108290155234e+01 -1.415452811382196e-02 4.794926369466504e-02
4.222227572168557e+01 -9.729144340729287e-03 4.903900189665950e-02
4.231346854181880e+01 -5.222909196672428e-03 4.972122777556154e-02
4.240466136195203e+01 -6.732700217232470e-04 4.999025822567638e-02
4.249585418208526e+01 3.881964265367233e-03 4.984385200144099e-02
4.258704700221849e+01 8.404938133736842e-03 4.928322879855553e-02
4.267823982235172e+01 1.285806480383418e-02 4.831305886912409e-02
4.276943264248495e+01 1.720433932313255e-02 4.694142327583937e-02
4.286062546261818e+01 2.140764669267419e-02 4.517974518588624e-02
4.295181828275141e+01 2.543306243269881e-02 4.304269289228990e-02
4.304301110288464e+01 2.924714305088614e-02 4.054805552304481e-02
4.313420392301787e+01 3.281820397602372e-02 3.771659265145554e-02
4.322539674315110e+01 3.611658264122482e-02 3.457185925065492e-02
4.331658956328433e+01 3.911488454187981e-02 3.114000763839389e-02
4.340778238341756e+01 4.178821025183883e-02 2.744956823337753e-02
4.349897520355079e+01 4.411436155432503e-02 2.353121109140007e-02
4.359016802368402e+01 4.607402502922805e-02 1.941749030926480e-02
4.368136084381725e+01 4.765093163332681e-02 1.514257347894571e-02
4.377255366395048e+01 4.883199101245633e-02 1.074195844643602e-02
4.386374648408371e+01 4.960739949276188e-02 6.252179682513671e-03
4.395493930421694e+01 4.997072091038291e-02 1.710506609703847e-03
4.404613212435017e+01 4.991893965389663e-02 -2.845363745626615e-03
4.413732494448340e+01 4.945248551063572e-02 -7.377617391934626e-03
4.422851776461663e+01 4.857523012581819e-02 -1.184863490988863e-02
4.431971058474986e+01 4.729445510169912e-02 -1.622130149438903e-02
4.441090340488309e+01 4.562079198216418e-02 -2.045931311057334e-02
4.450209622501632e+01 4.356813458580924e-02 -2.452747638272844e-02
4.459328904514955e+01 4.115352436696595e-02 -2.839199985232970e-02
4.468448186528278e+01 3.839700969852964e-02 -3.202077426887731e-02
4.477567468541601e+01 3.532148018176132e-02 -3.538363961784905e-02
4.486686750554924e+01 3.195247729511466e-02 -3.845263664733829e-02
4.495806032568247e+01 2.831798289490801e-02 -4.120224073224494e-02
4.504925314581570e+01 2.444818727334463e-02 -4.360957601542215e-02
4.514044596594893e+01 2.037523866173842e-02 -4.565460789155550e-02
4.523163878608216e+01 1.613297623638307e-02 -4.732031205351561e-02
4.532283160621540e+01 1.175664883875528e-02 -4.859281850314395e-02
4.541402442634863e+01 7.282621758106759e-03 -4.946152913833887e-02
4.550521724648186e+01 2.748074040525194e-03 -4.991920776403067e-02
4.559641006661509e+01 -1.809311117988061e-03 -4.996204163301599e-02
4.568760288674832e+01 -6.351660267843492e-03 -4.958967389934241e-02
4.577879570688155e+01 -1.084122522185316e-02 -4.880520665669576e-02
4.586998852701478e+01 -1.524069750477946e-02 -4.761517453105282e-02
4.596118134714801e+01 -1.951351906111791e-02 -4.602948909433709e-02
4.605237416728124e+01 -2.362418658348292e-02 -4.406135465753819e-02
4.614356698741447e+01 -2.753854688776566e-02 -4.172715628162506e-02
4.623475980754770e+01 -3.122408084980487e-02 -3.904632110713321e-02
4.632595262768093e+01 -3.465017352985913e-02 -3.604115434399832e-02
4.641714544781416e+01 -3.778836824353531e-02 -3.273665147863219e-02
4.650833826794739e+01 -4.061260248860115e-02 -2.916028844325286e-02
4.659953108808062e+01 -4.309942380374177e-02 -2.534179165225264e-02
4.669072390821385e+01 -4.522818381524659e-02 -2.131288994233875e-02
4.678191672834708e+01 -4.698120891835793e-02 -1.710705055885318e-02
4.687310954848031e+01 -4.834394623928668e-02 -1.275920141252133e-02
4.696430236861354e+01 -4.930508372966697e-02 -8.305441891982474e-03
4.705549518874677e+01 -4.985664345574435e-02 -3.782744561241499e-03
4.714668800888000e+01 -4.999404735844942e-02 7.713498989126541e-04
4.723788082901323e+01 -4.971615497658142e-02 5.319042127308807e-03
4.732907364914646e+01 -4.902527284275834e-02 9.822585507399846e-03
4.742026646927969e+01 -4.792713547992378e-02 1.424459718703775e-02
4.751145928941292e+01 -4.643085814450076e-02 1.854836630010371e-02
4.760265210954615e+01 -4.454886168024313e-02 2.269815700371657e-02
4.769384492967938e+01 -4.229677006388920e-02 2.665950395826666e-02
4.778503774981261e+01 -3.969328143915247e-02 3.039949790000258e-02
4.787623056994584e+01 -3.676001364845342e-02 3.388705899013036e-02
4.796742339007907e+01 -3.352132548088337e-02 3.709319567364198e-02
4.805861621021230e+01 -3.000411505867052e-02 3.999124684884061e-02
4.814980903034553e+01 -2.623759698104721e-02 4.255710523811872e-02
4.824100185047876e+01 -2.225306003176754e-02 4.476941996487861e-02
4.833219467061199e+01 -1.808360743223481e-02 4.660977648273226e-02
4.842338749074522e+01 -1.376388178375079e-02 4.806285217246329e-02
4.851458031087845e+01 -9.329776987222267e-03 4.911654611968558e-02
4.860577313101168e+01 -4.818139554239241e-03 4.976208181041475e-02
4.869696595114491e+01 -2.664618274355352e-04 4.999408173030104e-02
4.878815877127814e+01 4.287430291591242e-03 4.981061312224478e-02
4.887935159141137e+01 8.805692453435435e-03 4.921320444164705e-02
4.897054441154460e+01 1.325077712910386e-02 4.820683234292432e-02
4.906173723167783e+01 1.758574635170202e-02 4.679987932889007e-02
4.915293005181106e+01 2.177457927349078e-02 4.500406248973245e-02
4.924412287194429e+01 2.578247193226564e-02 4.283433404430730e-02
4.933531569207752e+01 2.957612669849835e-02 4.030875466752757e-02
4.942650851221075e+01 3.312402897601398e-02 3.744834083877097e-02
4.951770133234398e+01 3.639670885214850e-02 3.427688767350143e-02
4.960889415247721e+01 3.936698553603362e-02 3.082076890097955e-02
4.970008697261044e+01 4.201019258338551e-02 2.710871582359121e-02
4.979127979274367e+01 4.430438208036073e-02 2.317157723781655e-02
4.988247261287690e+01 4.623050614515868e-02 1.904206241424458e-02
4.997366543301013e+01 4.777257430170874e-02 1.475446932638246e-02

