# omega0=1, alpha=0.2
# theta0=0.05, theta_dot0=0
# t_start=0, t_end=50, h=0.00911928
#   t          x(t)                 v(t)       
0  5.000000000000000e-02  0.000000000000000e+00
9.119282013323059e-02 4.979358379586646e-02 -4.510180166285615e-03
1.823856402664613e-01 4.918101498250802e-02 -8.901751015734469e-03
2.735784603996920e-01 4.817467244062040e-02 -1.314073383620163e-02
3.647712805329227e-01 4.678995044312483e-02 -1.719501493375218e-02
4.559641006661534e-01 4.504507798571965e-02 -2.103457460377450e-02
5.471569207993838e-01 4.296091817552539e-02 -2.463169529035364e-02
6.383497409326140e-01 4.056074963533707e-02 -2.796114765173364e-02
7.295425610658441e-01 3.787003199079690e-02 -3.100035340718523e-02
8.207353811990743e-01 3.491615760287440e-02 -3.372952400639152e-02
9.119282013323045e-01 3.172819178755018e-02 -3.613177433824993e-02
1.003121021465535e+00 2.833660382758070e-02 -3.819321088280080e-02
1.094313841598765e+00 2.477299112665186e-02 -3.990299390806203e-02
1.185506661731995e+00 2.106979888310578e-02 -4.125337352220525e-02
1.276699481865225e+00 1.726003766784816e-02 -4.223969960915879e-02
1.367892301998455e+00 1.337700127829891e-02 -4.286040589990423e-02
1.459085122131685e+00 9.453987206882307e-03 -4.311696865922304e-02
1.550277942264916e+00 5.524022008433649e-03 -4.301384069463965e-02
1.641470762398146e+00 1.619593776260668e-03 -4.255836161660896e-02
1.732663582531376e+00 -2.227606157934284e-03 -4.176064549227890e-02
1.823856402664606e+00 -5.986930298474300e-03 -4.063344723518558e-02
1.915049222797836e+00 -9.629008963568610e-03 -3.919200925609868e-02
2.006242042931067e+00 -1.312596944236928e-02 -3.745389006254252e-02
2.097434863064297e+00 -1.645163876739517e-02 -3.543877663357635e-02
2.188627683197527e+00 -1.958172871045587e-02 -3.316828251032799e-02
2.279820503330757e+00 -2.249400179136797e-02 -3.066573363049555e-02
2.371013323463987e+00 -2.516841727671144e-02 -2.795594399637986e-02
2.462206143597217e+00 -2.758725633824081e-02 -2.506498330160388e-02
2.553398963730448e+00 -2.973522573505395e-02 -2.201993865284155e-02
2.644591783863678e+00 -3.159953957808244e-02 -1.884867251151423e-02
2.735784603996908e+00 -3.316997892795292e-02 -1.557957894882466e-02
2.826977424130138e+00 -3.443892916604700e-02 -1.224134025823300e-02
2.918170244263368e+00 -3.540139526216637e-02 -8.862685905152337e-03
3.009363064396598e+00 -3.605499523933282e-02 -5.472155716775323e-03
3.100555884529828e+00 -3.639993230588296e-02 -2.097869127842236e-03
3.191748704663059e+00 -3.643894628631406e-02 1.232697797204010e-03
3.282941524796289e+00 -3.617724513462257e-02 4.492925947279811e-03
3.374134344929519e+00 -3.562241745659652e-02 7.657255842122905e-03
3.465327165062749e+00 -3.478432710020934e-02 1.070137800570745e-02
3.556519985195979e+00 -3.367499099549855e-02 1.360240975395845e-02
3.647712805329209e+00 -3.230844153670019e-02 1.633905723626227e-02
3.738905625462440e+00 -3.070057489954475e-02 1.889176169592027e-02
3.830098445595670e+00 -2.886898677508358e-02 2.124282904508606e-02
3.921291265728900e+00 -2.683279707776039e-02 2.337654198510349e-02
4.012484085862130e+00 -2.461246524921104e-02 2.527925404364749e-02
4.103676905995361e+00 -2.222959783000012e-02 2.693946504558946e-02
4.194869726128591e+00 -1.970675000874135e-02 2.834787768471161e-02
4.286062546261821e+00 -1.706722288139976e-02 2.949743501760926e-02
4.377255366395051e+00 -1.433485816271652e-02 3.038333885832982e-02
4.468448186528281e+00 -1.153383208641632e-02 3.100304921115314e-02
4.559641006661511e+00 -8.688450211077597e-03 3.135626503776692e-02
4.650833826794742e+00 -5.822944814350727e-03 3.144488681203995e-02
4.742026646927972e+00 -2.961276509866924e-03 3.127296146858321e-02
4.833219467061202e+00 -1.269416591482557e-04 3.084661049817793e-02
4.924412287194432e+00 2.657212924239511e-03 3.017394208182084e-02
5.015605107327662e+00 5.369166568312328e-03 2.926494828358542e-02
5.106797927460892e+00 7.987891322533514e-03 2.813138843891987e-02
5.197990747594122e+00 1.049350732083169e-02 2.678665997786946e-02
5.289183567727353e+00 1.286742584184892e-02 2.524565801082739e-02
5.380376387860583e+00 1.509247910499328e-02 2.352462507695881e-02
5.471569207993813e+00 1.715303597125266e-02 2.164099251196547e-02
5.562762028127043e+00 1.903510285253001e-02 1.961321493229895e-02
5.653954848260273e+00 2.072640927102748e-02 1.746059935757409e-02
5.745147668393503e+00 2.221647764952274e-02 1.520313050237264e-02
5.836340488526734e+00 2.349667705289512e-02 1.286129376369942e-02
5.927533308659964e+00 2.456026073970748e-02 1.045589741208360e-02
6.018726128793194e+00 2.540238751886676e-02 8.007895463843463e-03
6.109918948926424e+00 2.602012703931217e-02 5.538212670541726e-03
6.201111769059654e+00 2.641244926936563e-02 3.067573010322414e-03
6.292304589192884e+00 2.658019854597578e-02 6.163330057516641e-04
6.383497409326115e+00 2.652605269184764e-02 -1.795678875008405e-03
6.474690229459345e+00 2.625446780970894e-02 -4.149315551497376e-03
6.565883049592575e+00 2.577160946713562e-02 -6.426256297255716e-03
6.657075869725805e+00 2.508527108191390e-02 -8.609142323853236e-03
6.748268689859035e+00 2.420478040638110e-02 -1.068170205853803e-02
6.839461509992265e+00 2.314089508912916e-02 -1.262886528710437e-02
6.930654330125495e+00 2.190568836347467e-02 -1.443686543345768e-02
7.021847150258726e+00 2.051242597383516e-02 -1.609332935104779e-02
7.113039970391956e+00 1.897543550327121e-02 -1.758735410846328e-02
7.204232790525186e+00 1.730996930766563e-02 -1.890957036158372e-02
7.295425610658416e+00 1.553206229406572e-02 -2.005219201723714e-02
7.386618430791646e+00 1.365838580241843e-02 -2.100905200765983e-02
7.477811250924876e+00 1.170609886115073e-02 -2.177562411043632e-02
7.569004071058107e+00 9.692698087734281e-03 -2.234903086411755e-02
7.660196891191337e+00 7.635867495557411e-03 -2.272803774437501e-02
7.751389711324567e+00 5.553329448235310e-03 -2.291303387825258e-02
7.842582531457797e+00 3.462697972152508e-03 -2.290599968367400e-02
7.933775351591027e+00 1.381335597887044e-03 -2.271046192666699e-02
8.024968171724257e+00 -6.737851483413738e-04 -2.233143678860654e-02
8.116160991857488e+00 -2.686214540376959e-03 -2.177536162903536e-02
8.207353811990718e+00 -4.640151738649290e-03 -2.105001621526080e-02
8.298546632123948e+00 -6.520563245084574e-03 -2.016443426704018e-02
8.389739452257178e+00 -8.313292884506402e-03 -1.912880623249507e-02
8.480932272390408e+00 -1.000516255689043e-02 -1.795437426934772e-02
8.572125092523638e+00 -1.158406309592061e-02 -1.665332045324519e-02
8.663317912656868e+00 -1.303903466424728e-02 -1.523864927210764e-02
8.754510732790099e+00 -1.436033621370909e-02 -1.372406549206581e-02
8.845703552923329e+00 -1.553950363859357e-02 -1.212384849676585e-02
8.936896373056559e+00 -1.656939635083855e-02 -1.045272420789035e-02
9.028089193189789e+00 -1.744423210700862e-02 -8.725735691069660e-03
9.119282013323019e+00 -1.815961001705289e-02 -6.958113538429636e-03
9.210474833456249e+00 -1.871252176344174e-02 -5.165147097402608e-03
9.301667653589480e+00 -1.910135115552740e-02 -3.362057585719414e-03
9.392860473722710e+00 -1.932586223716514e-02 -1.563874095322994e-03
9.484053293855940e+00 -1.938717625511711e-02 2.146865560843272e-04
9.575246113989170e+00 -1.928773788094103e-02 1.959335217426347e-03
9.666438934122400e+00 -1.903127115939841e-02 3.656320188092832e-03
9.757631754255630e+00 -1.862272573140833e-02 5.292530601844135e-03
9.848824574388860e+00 -1.806821394877916e-02 6.855592685100587e-03
9.940017394522091e+00 -1.737493956097226e-02 8.333958233778041e-03
1.003121021465532e+01 -1.655111871063429e-02 9.716984726330110e-03
1.012240303478855e+01 -1.560589402426582e-02 1.099500656734496e-02
1.021359585492178e+01 -1.454924262690401e-02 1.215939703544116e-02
1.030478867505501e+01 -1.339187894486273e-02 1.320262059081574e-02
1.039598149518824e+01 -1.214515318821527e-02 1.411827528108932e-02
1.048717431532147e+01 -1.082094642469647e-02 1.490112506850338e-02
1.057836713545470e+01 -9.431563168966088e-03 1.554712198644682e-02
1.066955995558793e+01 -7.989622415697679e-03 1.605341811807563e-02
1.076075277572116e+01 -6.507948041779783e-03 1.641836747375638e-02
1.085194559585439e+01 -4.999459492145574e-03 1.664151792649905e-02
1.094313841598762e+01 -3.477063645556961e-03 1.672359344471615e-02
1.103433123612085e+01 -1.953548731298803e-03 1.666646693882185e-02
1.112552405625408e+01 -4.414811354946774e-04 1.647312411164498e-02
1.121671687638731e+01 1.046894102991871e-03 1.614761877168601e-02
1.130790969652054e+01 2.499748351926138e-03 1.569502013225604e-02
1.139910251665377e+01 3.905759295600729e-03 1.512135267791743e-02
1.149029533678700e+01 5.254195045975343e-03 1.443352923189646e-02
1.158148815692023e+01 6.534991865690772e-03 1.363927790384226e-02
1.167268097705346e+01 7.738824977367982e-03 1.274706363614175e-02
1.176387379718669e+01 8.857172000600606e-03 1.176600509874298e-02
1.185506661731992e+01 9.882368627612817e-03 1.070578770696457e-02
1.194625943745315e+01 1.080765622002403e-02 9.576573554046359e-03
1.203745225758638e+01 1.162722108187865e-02 8.388909060284911e-03
1.212864507771961e+01 1.233622523741269e-02 7.153631143636481e-03
1.221983789785284e+01 1.293082861530642e-02 5.881772712867663e-03
1.231103071798607e+01 1.340820261380063e-02 4.584468273958004e-03
1.240222353811930e+01 1.376653509244843e-02 3.272860423822716e-03
1.249341635825254e+01 1.400502690587926e-02 1.958007982876408e-03
1.258460917838577e+01 1.412388016224551e-02 6.507964898751882e-04
1.267580199851900e+01 1.412427845351651e-02 -6.381482507544818e-04
1.276699481865223e+01 1.400835936603013e-02 -1.898542916864882e-03
1.285818763878546e+01 1.377917963729333e-02 -3.120525101889170e-03
1.294938045891869e+01 1.344067337856404e-02 -4.294726869810096e-03
1.304057327905192e+01 1.299760383190706e-02 -5.412342917863734e-03
1.313176609918515e+01 1.245550917489585e-02 -6.465192885904003e-03
1.322295891931838e+01 1.182064292566464e-02 -7.445777406894743e-03
1.331415173945161e+01 1.109990953537745e-02 -8.347327550795288e-03
1.340534455958484e+01 1.030079578418477e-02 -9.163847373727520e-03
1.349653737971807e+01 9.431298620240175e-03 -9.890149345310458e-03
1.358773019985130e+01 8.499850099242055e-03 -1.052188248896238e-02
1.367892301998453e+01 7.515240094189320e-03 -1.105555313232674e-02
1.377011584011776e+01 6.486537451574965e-03 -1.148853822729052e-02
1.386130866025099e+01 5.423010271114932e-03 -1.181909126083662e-02
1.395250148038422e+01 4.334045981393736e-03 -1.204634083870329e-02
1.404369430051745e+01 3.229071873620458e-03 -1.217028208301251e-02
1.413488712065068e+01 2.117476740192682e-03 -1.219176104217836e-02
1.422607994078391e+01 1.008534244169532e-03 -1.211245236603573e-02
1.431727276091714e+01 -8.867137969065384e-05 -1.193483055077718e-02
1.440846558105037e+01 -1.165316721675531e-03 -1.166213510652123e-02
1.449965840118360e+01 -2.212907155225441e-03 -1.129833004476415e-02
1.459085122131683e+01 -3.223340858075806e-03 -1.084805812323997e-02
1.468204404145006e+01 -4.188968439676460e-03 -1.031659032152740e-02
1.477323686158329e+01 -5.102647762749249e-03 -9.709771051851928e-03
1.486442968171652e+01 -5.957793594080367e-03 -9.033959635744710e-03
1.495562250184975e+01 -6.748421769040906e-03 -8.295968598404639e-03
1.504681532198298e+01 -7.469187605425715e-03 -7.502999348690023e-03
1.513800814211621e+01 -8.115418354529886e-03 -6.662575823623087e-03
1.522920096224944e+01 -8.683139530478109e-03 -5.782476682155921e-03
1.532039378238267e+01 -9.169095012223709e-03 -4.870666633803385e-03
1.541158660251590e+01 -9.570760865890156e-03 -3.935227483722239e-03
1.550277942264913e+01 -9.886352887800105e-03 -2.984289467071597e-03
1.559397224278236e+01 -1.011482792020426e-02 -2.025963432226122e-03
1.568516506291559e+01 -1.025587904198237e-02 -1.068274414857285e-03
1.577635788304882e+01 -1.030992478506172e-02 -1.190971233004956e-04
1.586755070318205e+01 -1.027809257362728e-02 8.139061697425765e-04
1.595874352331528e+01 -1.016219662705307e-02 1.723344862969911e-03
1.604993634344851e+01 -9.964710608559586e-03 2.602155955553767e-03
1.614112916358174e+01 -9.688735339623800e-03 3.443656270274743e-03
1.623232198371497e+01 -9.337961934886617e-03 4.241590608928601e-03
1.632351480384820e+01 -8.916630743501172e-03 4.990175517904654e-03
1.641470762398143e+01 -8.429486510356249e-03 5.684138383405590e-03
1.650590044411466e+01 -7.881730194236030e-03 6.318751618890256e-03
1.659709326424789e+01 -7.278967899616046e-03 6.889861751621802e-03
1.668828608438112e+01 -6.627157394353097e-03 7.393913260335745e-03
1.677947890451435e+01 -5.932552696945173e-03 7.827967061643614e-03
1.687067172464758e+01 -5.201647224289516e-03 8.189713588491753e-03
1.696186454478081e+01 -4.441115993960503e-03 8.477480449434509e-03
1.705305736491404e+01 -3.657757374004839e-03 8.690234702290465e-03
1.714425018504727e+01 -2.858434868183477e-03 8.827579819568387e-03
1.723544300518050e+01 -2.050019415584377e-03 8.889747465522626e-03
1.732663582531373e+01 -1.239332670726118e-03 8.877584245484606e-03
1.741782864544696e+01 -4.330917138380263e-04 8.792533626892241e-03
1.750902146558019e+01 3.621443788644000e-04 8.636613267897017e-03
1.760021428571342e+01 1.140025698165177e-03 8.412388023287996e-03
1.769140710584665e+01 1.894460017385654e-03 8.122938928478646e-03
1.778259992597988e+01 2.619658308489075e-03 7.771828490233132e-03
1.787379274611311e+01 3.310176937889489e-03 7.363062637473448e-03
1.796498556624634e+01 3.960956254319993e-03 6.901049706752402e-03
1.805617838637957e+01 4.567355316109192e-03 6.390556854681389e-03
1.814737120651280e+01 5.125182541658604e-03 5.836664303684217e-03
1.823856402664603e+01 5.630722104474677e-03 5.244717837863328e-03
1.832975684677927e+01 6.080755932452176e-03 4.620279972502939e-03
1.842094966691250e+01 6.472581209896326e-03 3.969080223818618e-03
1.851214248704573e+01 6.804023319678555e-03 3.296964905051346e-03
1.860333530717896e+01 7.073444201620633e-03 2.609846870981586e-03
1.869452812731219e+01 7.279746141379301e-03 1.913655625519110e-03
1.878572094744542e+01 7.422371041454278e-03 1.214288196344759e-03
1.887691376757865e+01 7.501295262176986e-03 5.175611668011868e-04
1.896810658771188e+01 7.517020155380441e-03 -1.708357614699452e-04
1.905929940784511e+01 7.470558446645384e-03 -8.453843210701610e-04
1.915049222797834e+01 7.363416653324765e-03 -1.500780014427415e-03
1.924168504811157e+01 7.197573754749360e-03 -2.131971924505917e-03
1.933287786824480e+01 6.975456357913419e-03 -2.734199719004416e-03
1.942407068837803e+01 6.699910626354901e-03 -3.303027594488480e-03
1.951526350851126e+01 6.374171261726683e-03 -3.834374936539786e-03
1.960645632864449e+01 6.001827846573188e-03 -4.324543502936547e-03
1.969764914877772e+01 5.586788872975424e-03 -4.770240968838092e-03
1.978884196891095e+01 5.133243794924867e-03 -5.168600705663418e-03
1.988003478904418e+01 4.645623452476337e-03 -5.517197698555596e-03
1.997122760917741e+01 4.128559222880249e-03 -5.814060540737650e-03
2.006242042931064e+01 3.586841257998411e-03 -6.057679476417886e-03
2.015361324944387e+01 3.025376168383003e-03 -6.247010496923266e-03
2.024480606957710e+01 2.449144512487790e-03 -6.381475527162814e-03
2.033599888971033e+01 1.863158444650354e-03 -6.460958771090272e-03
2.042719170984356e+01 1.272419867823720e-03 -6.485799315297234e-03
2.051838452997679e+01 6.818794266569162e-04 -6.456780118986646e-03
2.060957735011002e+01 9.639666355952639e-05 -6.375113546128615e-03
2.070077017024325e+01 -4.792983550123009e-04 -6.242423621377937e-03
2.079196299037648e+01 -1.040641652471094e-03 -6.060725215146988e-03
2.088315581050971e+01 -1.583269926373100e-03 -5.832400384909355e-03
2.097434863064294e+01 -2.103052854821815e-03 -5.560172119212021e-03
2.106554145077617e+01 -2.596122900039485e-03 -5.247075747872850e-03
2.115673427090940e+01 -3.058902408853502e-03 -4.896428296335693e-03
2.124792709104263e+01 -3.488127835756943e-03 -4.511796074072045e-03
2.133911991117586e+01 -3.880870941081773e-03 -4.096960796205142e-03
2.143031273130909e+01 -4.234556844428595e-03 -3.655884544163276e-03
2.152150555144232e+01 -4.546978841585403e-03 -3.192673875141671e-03
2.161269837157555e+01 -4.816309921498311e-03 -2.711543391487361e-03
2.170389119170878e+01 -5.041110948190675e-03 -2.216779079862050e-03
2.179508401184201e+01 -5.220335500629676e-03 -1.712701726247648e-03
2.188627683197524e+01 -5.353331391184208e-03 -1.203630706621643e-03
2.197746965210847e+01 -5.439838910285964e-03 -6.938484445454924e-04
2.206866247224170e+01 -5.479985870988384e-03 -1.875658160970276e-04
2.215985529237493e+01 -5.474279552118216e-03 3.111112303303389e-04
2.225104811250816e+01 -5.423595662447389e-03 7.982135866967421e-04
2.234224093264139e+01 -5.329164470607929e-03 1.269939194438386e-03
2.243343375277462e+01 -5.192554266173962e-03 1.722681332302072e-03
2.252462657290785e+01 -5.015652336302460e-03 2.153054784870237e-03
2.261581939304108e+01 -4.800643659434752e-03 2.557919714736240e-03
2.270701221317431e+01 -4.549987532707475e-03 2.934403083341004e-03
2.279820503330754e+01 -4.266392362816166e-03 3.279917488407356e-03
2.288939785344077e+01 -3.952788861046237e-03 3.592177309507700e-03
2.298059067357400e+01 -3.612301891982490e-03 3.869212077371906e-03
2.307178349370723e+01 -3.248221231995839e-03 4.109377006882576e-03
2.316297631384046e+01 -2.863971497969156e-03 4.311360658111797e-03
2.325416913397369e+01 -2.463081508866262e-03 4.474189714026832e-03
2.334536195410692e+01 -2.049153342690218e-03 4.597230887435315e-03
2.343655477424015e+01 -1.625831349158106e-03 4.680189993161857e-03
2.352774759437338e+01 -1.196771374095549e-03 4.723108244162748e-03
2.361894041450661e+01 -7.656104451977438e-04 4.726355852117274e-03
2.371013323463984e+01 -3.359371605031008e-04 4.690623033816133e-03
2.380132605477307e+01 8.873698921647146e-05 4.616908544244308e-03
2.389251887490630e+01 5.050051448114987e-04 4.506505875484361e-03
2.398371169503953e+01 9.095912439827129e-04 4.360987277317525e-03
2.407490451517276e+01 1.299374636424918e-03 4.182185770559761e-03
2.416609733530600e+01 1.671412974155906e-03 3.972175337639567e-03
2.425729015543923e+01 2.022963219672169e-03 3.733249486621576e-03
2.434848297557246e+01 2.351500632929291e-03 3.467898394739515e-03
2.443967579570569e+01 2.654735617314444e-03 3.178784845475717e-03
2.453086861583892e+01 2.930628324587903e-03 2.868719179281096e-03
2.462206143597215e+01 3.177400939044279e-03 2.540633482155318e-03
2.471325425610538e+01 3.393547581706177e-03 2.197555238504684e-03
2.480444707623861e+01 3.577841796038272e-03 1.842580674983867e-03
2.489563989637184e+01 3.729341597285454e-03 1.478848020441947e-03
2.498683271650507e+01 3.847392087926265e-03 1.109510903682377e-03
2.507802553663830e+01 3.931625661728396e-03 7.377121055742634e-04
2.516921835677153e+01 3.981959838339517e-03 3.665578751950205e-04
2.526041117690476e+01 3.998592789094326e-03 -9.069887693775939e-07
2.535160399703799e+01 3.981996632626338e-03 -3.617231000910913e-04
2.544279681717122e+01 3.932908595808998e-03 -7.130393105968585e-04
2.553398963730445e+01 3.852320151394031e-03 -1.052134231964377e-03
2.562518245743768e+01 3.741464258355418e-03 -1.376436300139258e-03
2.571637527757091e+01 3.601800844286852e-03 -1.683542243553888e-03
2.580756809770414e+01 3.435000681153085e-03 -1.971233831962275e-03
2.589876091783737e+01 3.242927816188205e-03 -2.237492799066871e-03
2.598995373797060e+01 3.027620728706682e-03 -2.480513849058498e-03
2.608114655810383e+01 2.791272390999609e-03 -2.698715674570518e-03
2.617233937823706e+01 2.536209417296062e-03 -2.890749931213929e-03
2.626353219837029e+01 2.264870488958670e-03 -3.055508131661938e-03
2.635472501850352e+01 1.979784246647676e-03 -3.192126440042605e-03
2.644591783863675e+01 1.683546841136739e-03 -3.299988365030740e-03
2.653711065876998e+01 1.378799333817281e-03 -3.378725367363142e-03
2.662830347890321e+01 1.068205135720099e-03 -3.428215414396860e-03
2.671949629903644e+01 7.544276701589787e-04 -3.448579530656628e-03
2.681068911916967e+01 4.401084389190660e-04 -3.440176408949771e-03
2.690188193930290e+01 1.278456653412821e-04 -3.403595161447360e-03
2.699307475943613e+01 -1.798263202277037e-04 -3.339646304030516e-03
2.708426757956936e+01 -4.804567962540149e-04 -3.249351080081327e-03
2.717546039970259e+01 -7.716973209660103e-04 -3.133929241669907e-03
2.726665321983582e+01 -1.051319223545298e-03 -2.994785416674737e-03
2.735784603996905e+01 -1.317229792826923e-03 -2.833494199705897e-03
2.744903886010228e+01 -1.567487053725078e-03 -2.651784112725384e-03
2.754023168023551e+01 -1.800313035219863e-03 -2.451520587932601e-03
2.763142450036874e+01 -2.014105447905680e-03 -2.234688130775959e-03
2.772261732050197e+01 -2.207447703685816e-03 -2.003371824844783e-03
2.781381014063520e+01 -2.379117225072684e-03 -1.759738342883465e-03
2.790500296076843e+01 -2.528092006591096e-03 -1.506016629257575e-03
2.799619578090166e+01 -2.653555405855755e-03 -1.244478418906761e-03
2.808738860103489e+01 -2.754899156879146e-03 -9.774187561701212e-04
2.817858142116812e+01 -2.831724612940234e-03 -7.071366739053824e-04
2.826977424130135e+01 -2.883842240790180e-03 -4.359161890926639e-04
2.836096706143458e+01 -2.911269401975738e-03 -1.660077656753624e-04
2.845215988156781e+01 -2.914226470516959e-03 1.003896111880959e-04
2.854335270170104e+01 -2.893131348982679e-03 3.611456129321066e-04
2.863454552183427e+01 -2.848592457071574e-03 6.142148695491471e-04
2.872573834196750e+01 -2.781400278042566e-03 8.576522773320128e-04
2.881693116210073e+01 -2.692517558668933e-03 1.089627204334546e-03
2.890812398223396e+01 -2.583068267746927e-03 1.308436496515543e-03
2.899931680236719e+01 -2.454325426512860e-03 1.512516199152099e-03
2.909050962250042e+01 -2.307697931562771e-03 1.700451920222787e-03
2.918170244263365e+01 -2.144716496985722e-03 1.870987774959874e-03
2.927289526276688e+01 -1.967018847385627e-03 2.023033863543972e-03
2.936408808290011e+01 -1.776334297257038e-03 2.155672246854640e-03
2.945528090303334e+01 -1.574467854787291e-03 2.268161398187283e-03
2.954647372316657e+01 -1.363283989580835e-03 2.359939121792679e-03
2.963766654329980e+01 -1.144690204050607e-03 2.430623941884878e-03
2.972885936343303e+01 -9.206205473151712e-04 2.480014978293736e-03
2.982005218356626e+01 -6.930192084070844e-04 2.508090337111243e-03
2.991124500369950e+01 -4.638243224744514e-04 2.515004056401867e-03
3.000243782383273e+01 -2.349521194893208e-04 2.501081658227879e-03
3.009363064396596e+01 -8.281539816419430e-06 2.466814368797937e-03
3.018482346409919e+01 2.143605650958122e-04 2.412852078405100e-03
3.027601628423242e+01 4.312135355958897e-04 2.339995121909822e-03
3.036720910436565e+01 6.405962067231141e-04 2.249184968782836e-03
3.045840192449888e+01 8.409193160167471e-04 2.141493919098852e-03
3.054959474463211e+01 1.030696930234076e-03 2.018113908319511e-03
3.064078756476534e+01 1.208556814606466e-03 1.880344529186604e-03
3.073198038489857e+01 1.373249678352956e-03 1.729580383536394e-03
3.082317320503180e+01 1.523657240624811e-03 1.567297880323994e-03
3.091436602516503e+01 1.658799071778947e-03 1.395041598602933e-03
3.100555884529826e+01 1.777838175779939e-03 1.214410335637895e-03
3.109675166543149e+01 1.880085290516340e-03 1.027042960744993e-03
3.118794448556472e+01 1.965001893795298e-03 8.346041948693538e-04
3.127913730569795e+01 2.032201913659508e-03 6.387704343473310e-04
3.137033012583118e+01 2.081452152364776e-03 4.412157347914218e-04
3.146152294596441e+01 2.112671443780067e-03 2.435980676178702e-04
3.155271576609764e+01 2.125928574044061e-03 4.754595745495993e-05
3.164390858623087e+01 2.121439004956417e-03 -1.453543964248740e-04
3.173510140636410e+01 2.099560448726640e-03 -3.335714173570067e-04
3.182629422649733e+01 2.060787351282296e-03 -5.156397764738387e-04
3.191748704663056e+01 2.005744349291294e-03 -6.901712622576567e-04
3.200867986676379e+01 1.935178773325682e-03 -8.558648186143898e-04
3.209987268689702e+01 1.849952276139555e-03 -1.011515683840492e-03
3.219106550703025e+01 1.751031670810457e-03 -1.156023571478135e-03
3.228225832716348e+01 1.639479068468494e-03 -1.288399843006734e-03
3.237345114729671e+01 1.516441409483684e-03 -1.407773631522099e-03
3.246464396742994e+01 1.383139485280773e-03 -1.513396884928194e-03
3.255583678756317e+01 1.240856550389924e-03 -1.604648306630517e-03
3.264702960769640e+01 1.090926625916644e-03 -1.681036181195047e-03
3.273822242782963e+01 9.347225963278016e-04 -1.742200081844504e-03
3.282941524796286e+01 7.736442013120180e-04 -1.787911465928024e-03
3.292060806809609e+01 6.091060234987306e-04 -1.818073173547597e-03
3.301180088822932e+01 4.425255710337601e-04 -1.832717853284064e-03
3.310299370836255e+01 2.753115514396401e-04 -1.832005347370054e-03
3.319418652849578e+01 1.088524298715491e-04 -1.816219076643967e-03
3.328537934862901e+01 -5.549463914477951e-05 -1.785761473129670e-03
3.337657216876224e+01 -2.164144220923955e-04 -1.741148515067298e-03
3.346776498889547e+01 -3.726436798551438e-04 -1.683003425623635e-03
3.355895780902870e+01 -5.229806308699057e-04 -1.612049602293228e-03
3.365015062916194e+01 -6.662937371363989e-04 -1.529102849127344e-03
3.374134344929517e+01 -8.015297529679650e-04 -1.435062988366528e-03
3.383253626942840e+01 -9.277209835253610e-04 -1.330904931779739e-03
3.392372908956163e+01 -1.043991707640918e-03 -1.217669295010957e-03
3.401492190969486e+01 -1.149563727145446e-03 -1.096452640491356e-03
3.410611472982809e+01 -1.243761012787139e-03 -9.683974359863982e-04
3.419730754996132e+01 -1.326013424812413e-03 -8.346818166137764e-04
3.428850037009455e+01 -1.395859494295519e-03 -6.965092381972805e-04
3.437969319022778e+01 -1.452948259290176e-03 -5.550981091265161e-04
3.447088601036101e+01 -1.497040157767159e-03 -4.116714864920922e-04
3.456207883049424e+01 -1.528006987033541e-03 -2.674469201846881e-04
3.465327165062747e+01 -1.545830946841282e-03 -1.236265259139484e-04
3.474446447076070e+01 -1.550602790627304e-03 1.861263524622465e-05
3.483565729089393e+01 -1.542519116229495e-03 1.581277971069211e-04
3.492685011102716e+01 -1.521878833942520e-03 2.938192791917627e-04
3.501804293116039e+01 -1.489078855867045e-03 4.246387638781902e-04
3.510923575129362e+01 -1.444609056123841e-03 5.495970009789867e-04
3.520042857142685e+01 -1.389046556612288e-03 6.677708866686081e-04
3.529162139156008e+01 -1.323049397558468e-03 7.783098697695509e-04
3.538281421169331e+01 -1.247349656093329e-03 8.804416448009834e-04
3.547400703182654e+01 -1.162746079503893e-03 9.734770977977181e-04
3.556519985195977e+01 -1.070096302592753e-03 1.056814477674064e-03
3.565639267209300e+01 -9.703087207512589e-04 1.129942772775630e-03
3.574758549222623e+01 -8.643340918931223e-04 1.192444279174443e-03
3.583877831235946e+01 -7.531569413063739e-04 1.243996354161087e-03
3.592997113249269e+01 -6.377868437664934e-04 1.284372355215537e-03
3.602116395262592e+01 -5.192496569210843e-04 1.313441771440872e-03
3.611235677275915e+01 -3.985787790205282e-04 1.331169560968266e-03
3.620354959289238e+01 -2.768065025482074e-04 1.337614714136990e-03
3.629474241302561e+01 -1.549555332212282e-04 1.332928068271830e-03
3.638593523315884e+01 -3.403074121537075e-05 1.317349405577712e-03
3.647712805329207e+01 8.498879165254367e-05 1.291203871006286e-03
3.656832087342530e+01 2.011573686407529e-04 1.254897751884185e-03
3.665951369355853e+01 3.135698625725991e-04 1.208913665594274e-03
3.675070651369176e+01 4.213684363852050e-04 1.153805205640081e-03
3.684189933382499e+01 5.237487527769318e-04 1.090191099974775e-03
3.693309215395822e+01 6.199656310500459e-04 1.018748938519161e-03
3.702428497409145e+01 7.093381145550129e-04 9.402085293122055e-04
3.711547779422468e+01 7.912539176582168e-04 8.553449447213745e-04
3.720667061435791e+01 8.651732268264972e-04 7.649713205819243e-04
3.729786343449114e+01 9.306318362001912e-04 6.699314720321449e-04
3.738905625462437e+01 9.872436038617940e-04 5.710923901679502e-04
3.748024907475760e+01 1.034702220850855e-03 4.693366834620153e-04
3.757144189489083e+01 1.072782290778997e-03 3.655550271910730e-04
3.766263471502406e+01 1.101339723614960e-03 2.606386829052946e-04
3.775382753515729e+01 1.120311452792770e-03 1.554721482750884e-04
3.784502035529052e+01 1.129714490203081e-03 5.092599548601646e-05
3.793621317542375e+01 1.129644338816920e-03 -5.215004625186300e-05
3.802740599555698e+01 1.120272787623887e-03 -1.529337115286572e-04
3.811859881569021e+01 1.101845118207211e-03 -2.506364737345767e-04
3.820979163582344e+01 1.074676756593121e-03 -3.445094288125969e-04
3.830098445595667e+01 1.039149407972025e-03 -4.338487463838474e-04
3.839217727608990e+01 9.957067154679519e-04 -5.180006511758857e-04
3.848337009622313e+01 9.448494873078433e-04 -5.963659022214405e-04
3.857456291635636e+01 8.871305394949388e-04 -6.684037420185215e-04
3.866575573648959e+01 8.231492034054664e-04 -7.336352927097255e-04
3.875694855662282e+01 7.535455495941164e-04 -7.916463813065323e-04
3.884814137675605e+01 6.789943805039950e-04 -8.420897810106438e-04
3.893933419688928e+01 6.001990457275632e-04 -8.846868607265742e-04
3.903052701702251e+01 5.178851339569461e-04 -9.192286398759397e-04
3.912171983715574e+01 4.327940957991660e-04 -9.455762505734275e-04
3.921291265728897e+01 3.456768512222059e-04 -9.636608140676289e-04
3.930410547742220e+01 2.572874345527982e-04 -9.734827430488988e-04
3.939529829755543e+01 1.683767286812675e-04 -9.751104859449835e-04
3.948649111768867e+01 7.968633846064426e-05 -9.686787336294070e-04
3.957768393782190e+01 -8.057348762365307e-06 -9.543861130259010e-04
3.966887675795513e+01 -9.414886995437605e-05 -9.324923958755079e-04
3.976006957808836e+01 -1.779091177489724e-04 -9.033152544151568e-04
3.985126239822159e+01 -2.586904565974894e-04 -8.672265988742643e-04
3.994245521835482e+01 -3.358814872815894e-04 -8.246485345090553e-04
4.003364803848805e+01 -4.089114269066517e-04 -7.760489783459096e-04
4.012484085862128e+01 -4.772540752558970e-04 -7.219369778814266e-04
4.021603367875451e+01 -5.404313423179169e-04 -6.628577756777625e-04
4.030722649888774e+01 -5.980163158693545e-04 -5.993876650901607e-04
4.039841931902097e+01 -6.496358521639299e-04 -5.321286832659014e-04
4.048961213915420e+01 -6.949726770126379e-04 -4.617031880598576e-04
4.058080495928743e+01 -7.337669888017633e-04 -3.887483656245069e-04
4.067199777942066e+01 -7.658175592497344e-04 -3.139107151577829e-04
4.076319059955389e+01 -7.909823319158697e-04 -2.378405566398655e-04
4.085438341968712e+01 -8.091785226098582e-04 -1.611866063721061e-04
4.094557623982035e+01 -8.203822298776545e-04 -8.459066376277809e-05
4.103676905995358e+01 -8.246275676261851e-04 -8.682451102856579e-06
4.112796188008681e+01 -8.220053356664008e-04 6.592535393939371e-05
4.121915470022004e+01 -8.126612474741878e-04 1.386418556813690e-04
4.131034752035327e+01 -7.967937377661076e-04 2.089024127945349e-04
4.140154034048650e+01 -7.746513755386899e-04 2.761728136382600e-04
4.149273316061973e+01 -7.465299110054114e-04 3.399531255440609e-04
4.158392598075296e+01 -7.127689873664084e-04 3.997811922444933e-04
4.167511880088619e+01 -6.737485505469552e-04 4.552357570046575e-04
4.176631162101942e+01 -6.298849919290984e-04 5.059391925020249e-04
4.185750444115265e+01 -5.816270606666360e-04 5.515598220810977e-04
4.194869726128588e+01 -5.294515834098528e-04 5.918138206521215e-04
4.203989008141911e+01 -4.738590301687911e-04 6.264666871765796e-04
4.213108290155234e+01 -4.153689656110023e-04 6.553342843557130e-04
4.222227572168557e+01 -3.545154253230111e-04 6.782834447815781e-04
4.231346854181880e+01 -2.918422564683030e-04 6.952321463937298e-04
4.240466136195203e+01 -2.278984618552176e-04 7.061492635800530e-04
4.249585418208526e+01 -1.632335856950041e-04 7.110539036403861e-04
4.258704700221849e+01 -9.839317829517123e-05 7.100143415705945e-04
4.267823982235172e+01 -3.391437561012267e-05 7.031465691985647e-04
4.276943264248495e+01 2.967837202399547e-05 6.906124775898204e-04
4.286062546261818e+01 9.187738949224064e-05 6.726176943187671e-04
4.295181828275141e+01 1.521956544466058e-04 6.494090996535877e-04
4.304301110288464e+01 2.101704346951884e-04 6.212720479124832e-04
4.313420392301787e+01 2.653666598210239e-04 5.885273222024106e-04
4.322539674315110e+01 3.173800040684063e-04 5.515278524372701e-04
4.331658956328433e+01 3.658396603272842e-04 5.106552279415946e-04
4.340778238341756e+01 4.104107879547141e-04 4.663160370715790e-04
4.349897520355079e+01 4.507966201703205e-04 4.189380671236139e-04
4.359016802368402e+01 4.867402198239541e-04 3.689663983496554e-04
4.368136084381725e+01 5.180258754318854e-04 3.168594261594802e-04
4.377255366395048e+01 5.444801324867601e-04 2.630848455652110e-04
4.386374648408371e+01 5.659724581403543e-04 2.081156316188326e-04
4.395493930421694e+01 5.824155404117181e-04 1.524260490163162e-04
4.404613212435017e+01 5.937652260621483e-04 9.648772320213144e-05
4.413732494448340e+01 6.000201041791607e-04 4.076580421700525e-05
4.422851776461663e+01 6.012207453019329e-04 -1.428474679667638e-05
4.431971058474986e+01 5.974486085795817e-04 -6.822272006820359e-05
4.441090340488309e+01 5.888246319616131e-04 -1.206240420432908e-04
4.450209622501632e+01 5.755075227590115e-04 -1.710849579365558e-04
4.459328904514955e+01 5.576917680684966e-04 -2.192249894396431e-04
4.468448186528278e+01 5.356053865071091e-04 -2.646896472920382e-04
4.477567468541601e+01 5.095074444469545e-04 -3.071528808070208e-04
4.486686750554924e+01 4.796853614601760e-04 -3.463192489349536e-04
4.495806032568247e+01 4.464520309734829e-04 -3.819258000178284e-04
4.504925314581570e+01 4.101427831834353e-04 -4.137436500200160e-04
4.514044596594893e+01 3.711122180937854e-04 -4.415792516877875e-04
4.523163878608216e+01 3.297309371021927e-04 -4.652753497717348e-04
4.532283160621540e+01 2.863822018853333e-04 -4.847116201194161e-04
4.541402442634863e+01 2.414585494105550e-04 -4.998049930885069e-04
4.550521724648186e+01 1.953583917425356e-04 -5.105096643222305e-04
4.559641006661509e+01 1.484826289205081e-04 -5.168167984484820e-04
4.568760288674832e+01 1.012313025629643e-04 -5.187539336923665e-04
4.577879570688155e+01 5.400031702152550e-05 -5.163840977105092e-04
4.586998852701478e+01 7.178253864650315e-06 -5.098046471473539e-04
4.596118134714801e+01 -3.885669576265715e-05 -4.991458454629656e-04
4.605237416728124e+01 -8.373965777132072e-05 -4.845691954742997e-04
4.614356698741447e+01 -1.271218392003058e-04 -4.662655447747396e-04
4.623475980754770e+01 -1.686731099040577e-04 -4.444529837388140e-04
4.632595262768093e+01 -2.080843838911991e-04 -4.193745571709331e-04
4.641714544781416e+01 -2.450697843249843e-04 -3.912958118110567e-04
4.650833826794739e+01 -2.793685782665635e-04 -3.605022028604734e-04
4.659953108808062e+01 -3.107468693898645e-04 -3.272963834332068e-04
4.669072390821385e+01 -3.389990391027737e-04 -2.919954013706034e-04
4.678191672834708e+01 -3.639489287540703e-04 -2.549278281778272e-04
4.687310954848031e+01 -3.854507578700555e-04 -2.164308449524587e-04
4.696430236861354e+01 -4.033897756300098e-04 -1.768473100800358e-04
4.705549518874677e+01 -4.176826450368425e-04 -1.365228331737205e-04
4.714668800888000e+01 -4.282775614503892e-04 -9.580287924143094e-05
4.723788082901323e+01 -4.351541093082041e-04 -5.502992638135858e-05
4.732907364914646e+01 -4.383228629455966e-04 -1.454069944483237e-05
4.742026646927969e+01 -4.378247394271598e-04 2.533649892566947e-05
4.751145928941292e+01 -4.337301132012221e-04 6.428433966436423e-05
4.760265210954615e+01 -4.261377041727152e-04 1.019988821706858e-04
4.769384492967938e+01 -4.151732524462809e-04 1.381918352985202e-04
4.778503774981261e+01 -4.009879945087030e-04 1.725926486083774e-04
4.787623056994584e+01 -3.837569569879763e-04 2.049504197287277e-04
4.796742339007907e+01 -3.636770853369239e-04 2.350356054428534e-04
4.805861621021230e+01 -3.409652258351478e-04 2.626415259576771e-04
4.814980903034553e+01 -3.158559801785857e-04 2.875856537047076e-04
4.824100185047876e+01 -2.885994526269431e-04 3.097106799539315e-04
4.833219467061199e+01 -2.594589102031334e-04 3.288853544726157e-04
4.842338749074522e+01 -2.287083767844951e-04 3.450050954161218e-04
4.851458031087845e+01 -1.966301820933197e-04 3.579923685808138e-04
4.860577313101168e+01 -1.635124865859721e-04 3.677968370641700e-04
4.869696595114491e+01 -1.296468030588370e-04 3.743952842490342e-04
4.878815877127814e+01 -9.532553544012370e-05 3.777913148429156e-04
4.887935159141137e+01 -6.083955472509801e-05 3.780148404454913e-04
4.897054441154460e+01 -2.647583134573791e-05 3.751213577749091e-04
4.906173723167783e+01 7.484857547573953e-06 3.691910292440319e-04
4.915293005181106e+01 4.077012836556455e-05 3.603275770302954e-04
4.924412287194429e+01 7.311808247203661e-05 3.486570031173548e-04
4.933531569207752e+01 1.042792734335112e-04 3.343261489943293e-04
4.942650851221075e+01 1.340185361697968e-04 3.175011097715454e-04
4.951770133234398e+01 1.621166654382349e-04 2.983655184038368e-04
4.960889415247721e+01 1.883719325522554e-04 2.771187164985474e-04
4.970008697261044e+01 2.126014307676271e-04 2.539738288215650e-04
4.979127979274367e+01 2.346422413536285e-04 2.291557590984671e-04
4.988247261287690e+01 2.543524139873057e-04 2.028991250379533e-04
4.997366543301013e+01 2.716117567530326e-04 1.754461506812282e-04

